ID,Prob1
0, 0.52
1, 0.44
2, 0.62
3, 0.49
4, 0.72
5, 0.50
6, 0.64
7, 0.54
8, 0.49
9, 0.44
10, 0.60
11, 0.60
12, 0.42
13, 0.64
14, 0.73
15, 0.75
16, 0.72
17, 0.65
18, 0.61
19, 0.48
20, 0.62
21, 0.67
22, 0.50
23, 0.56
24, 0.66
25, 0.53
26, 0.63
27, 0.59
28, 0.61
29, 0.56
30, 0.60
31, 0.52
32, 0.69
33, 0.48
34, 0.66
35, 0.51
36, 0.56
37, 0.36
38, 0.64
39, 0.75
40, 0.62
41, 0.29
42, 0.60
43, 0.58
44, 0.69
45, 0.66
46, 0.58
47, 0.63
48, 0.62
49, 0.59
50, 0.53
51, 0.49
52, 0.26
53, 0.55
54, 0.53
55, 0.54
56, 0.54
57, 0.49
58, 0.46
59, 0.61
60, 0.64
61, 0.43
62, 0.49
63, 0.49
64, 0.73
65, 0.59
66, 0.47
67, 0.56
68, 0.44
69, 0.63
70, 0.60
71, 0.75
72, 0.71
73, 0.37
74, 0.46
75, 0.59
76, 0.59
77, 0.66
78, 0.57
79, 0.46
80, 0.55
81, 0.64
82, 0.63
83, 0.77
84, 0.57
85, 0.73
86, 0.62
87, 0.57
88, 0.37
89, 0.75
90, 0.55
91, 0.72
92, 0.62
93, 0.67
94, 0.72
95, 0.63
96, 0.45
97, 0.60
98, 0.75
99, 0.59
100, 0.60
101, 0.60
102, 0.47
103, 0.58
104, 0.63
105, 0.61
106, 0.52
107, 0.50
108, 0.54
109, 0.68
110, 0.49
111, 0.62
112, 0.52
113, 0.63
114, 0.58
115, 0.54
116, 0.66
117, 0.58
118, 0.45
119, 0.58
120, 0.47
121, 0.66
122, 0.65
123, 0.53
124, 0.43
125, 0.49
126, 0.65
127, 0.67
128, 0.70
129, 0.55
130, 0.54
131, 0.61
132, 0.49
133, 0.62
134, 0.62
135, 0.63
136, 0.48
137, 0.49
138, 0.61
139, 0.70
140, 0.52
141, 0.53
142, 0.37
143, 0.54
144, 0.75
145, 0.63
146, 0.60
147, 0.54
148, 0.58
149, 0.49
150, 0.49
151, 0.72
152, 0.48
153, 0.47
154, 0.62
155, 0.72
156, 0.56
157, 0.58
158, 0.66
159, 0.27
160, 0.65
161, 0.43
162, 0.75
163, 0.50
164, 0.59
165, 0.34
166, 0.51
167, 0.64
168, 0.72
169, 0.60
170, 0.49
171, 0.62
172, 0.73
173, 0.61
174, 0.55
175, 0.56
176, 0.52
177, 0.46
178, 0.68
179, 0.54
180, 0.52
181, 0.64
182, 0.69
183, 0.49
184, 0.49
185, 0.62
186, 0.60
187, 0.34
188, 0.68
189, 0.62
190, 0.65
191, 0.45
192, 0.65
193, 0.52
194, 0.56
195, 0.28
196, 0.55
197, 0.66
198, 0.48
199, 0.44
200, 0.52
201, 0.65
202, 0.52
203, 0.55
204, 0.73
205, 0.54
206, 0.48
207, 0.51
208, 0.52
209, 0.62
210, 0.63
211, 0.65
212, 0.48
213, 0.55
214, 0.52
215, 0.58
216, 0.68
217, 0.67
218, 0.37
219, 0.47
220, 0.26
221, 0.53
222, 0.52
223, 0.48
224, 0.61
225, 0.61
226, 0.49
227, 0.65
228, 0.57
229, 0.52
230, 0.50
231, 0.49
232, 0.66
233, 0.51
234, 0.55
235, 0.49
236, 0.63
237, 0.51
238, 0.62
239, 0.59
240, 0.58
241, 0.62
242, 0.47
243, 0.51
244, 0.58
245, 0.35
246, 0.63
247, 0.60
248, 0.57
249, 0.25
250, 0.72
251, 0.33
252, 0.60
253, 0.47
254, 0.62
255, 0.43
256, 0.63
257, 0.60
258, 0.70
259, 0.60
260, 0.44
261, 0.46
262, 0.51
263, 0.75
264, 0.57
265, 0.61
266, 0.56
267, 0.62
268, 0.62
269, 0.40
270, 0.63
271, 0.67
272, 0.57
273, 0.58
274, 0.42
275, 0.58
276, 0.58
277, 0.45
278, 0.59
279, 0.50
280, 0.76
281, 0.66
282, 0.76
283, 0.59
284, 0.66
285, 0.54
286, 0.56
287, 0.58
288, 0.74
289, 0.37
290, 0.62
291, 0.52
292, 0.71
293, 0.60
294, 0.30
295, 0.44
296, 0.46
297, 0.53
298, 0.58
299, 0.65
300, 0.58
301, 0.64
302, 0.61
303, 0.53
304, 0.51
305, 0.64
306, 0.42
307, 0.54
308, 0.55
309, 0.65
310, 0.65
311, 0.49
312, 0.77
313, 0.47
314, 0.57
315, 0.61
316, 0.64
317, 0.69
318, 0.52
319, 0.48
320, 0.49
321, 0.75
322, 0.47
323, 0.46
324, 0.56
325, 0.67
326, 0.57
327, 0.56
328, 0.51
329, 0.47
330, 0.56
331, 0.43
332, 0.48
333, 0.47
334, 0.74
335, 0.61
336, 0.38
337, 0.68
338, 0.65
339, 0.61
340, 0.67
341, 0.45
342, 0.51
343, 0.47
344, 0.75
345, 0.39
346, 0.48
347, 0.53
348, 0.51
349, 0.63
350, 0.72
351, 0.52
352, 0.68
353, 0.65
354, 0.57
355, 0.63
356, 0.59
357, 0.49
358, 0.56
359, 0.53
360, 0.47
361, 0.61
362, 0.53
363, 0.65
364, 0.60
365, 0.67
366, 0.62
367, 0.72
368, 0.61
369, 0.48
370, 0.55
371, 0.51
372, 0.33
373, 0.73
374, 0.72
375, 0.61
376, 0.57
377, 0.61
378, 0.59
379, 0.60
380, 0.61
381, 0.55
382, 0.46
383, 0.60
384, 0.66
385, 0.57
386, 0.50
387, 0.58
388, 0.68
389, 0.48
390, 0.74
391, 0.56
392, 0.71
393, 0.60
394, 0.65
395, 0.67
396, 0.53
397, 0.47
398, 0.63
399, 0.62
400, 0.62
401, 0.57
402, 0.66
403, 0.67
404, 0.50
405, 0.60
406, 0.49
407, 0.63
408, 0.59
409, 0.49
410, 0.47
411, 0.51
412, 0.54
413, 0.67
414, 0.50
415, 0.53
416, 0.59
417, 0.70
418, 0.65
419, 0.52
420, 0.67
421, 0.59
422, 0.54
423, 0.67
424, 0.76
425, 0.65
426, 0.62
427, 0.72
428, 0.75
429, 0.54
430, 0.59
431, 0.49
432, 0.66
433, 0.56
434, 0.76
435, 0.58
436, 0.55
437, 0.52
438, 0.54
439, 0.51
440, 0.50
441, 0.60
442, 0.31
443, 0.53
444, 0.59
445, 0.56
446, 0.66
447, 0.47
448, 0.42
449, 0.65
450, 0.54
451, 0.52
452, 0.70
453, 0.69
454, 0.51
455, 0.50
456, 0.61
457, 0.51
458, 0.62
459, 0.59
460, 0.59
461, 0.63
462, 0.66
463, 0.74
464, 0.74
465, 0.57
466, 0.61
467, 0.59
468, 0.72
469, 0.62
470, 0.51
471, 0.56
472, 0.50
473, 0.71
474, 0.70
475, 0.75
476, 0.76
477, 0.62
478, 0.50
479, 0.49
480, 0.54
481, 0.75
482, 0.76
483, 0.60
484, 0.49
485, 0.61
486, 0.51
487, 0.76
488, 0.56
489, 0.55
490, 0.48
491, 0.49
492, 0.37
493, 0.57
494, 0.48
495, 0.29
496, 0.29
497, 0.52
498, 0.52
499, 0.66
500, 0.71
501, 0.52
502, 0.50
503, 0.67
504, 0.50
505, 0.77
506, 0.68
507, 0.77
508, 0.61
509, 0.58
510, 0.62
511, 0.58
512, 0.36
513, 0.52
514, 0.56
515, 0.69
516, 0.50
517, 0.61
518, 0.58
519, 0.37
520, 0.49
521, 0.61
522, 0.52
523, 0.56
524, 0.46
525, 0.56
526, 0.65
527, 0.64
528, 0.64
529, 0.57
530, 0.57
531, 0.53
532, 0.46
533, 0.70
534, 0.58
535, 0.64
536, 0.66
537, 0.57
538, 0.63
539, 0.52
540, 0.55
541, 0.57
542, 0.60
543, 0.77
544, 0.48
545, 0.56
546, 0.53
547, 0.36
548, 0.59
549, 0.52
550, 0.51
551, 0.55
552, 0.76
553, 0.26
554, 0.61
555, 0.54
556, 0.46
557, 0.75
558, 0.68
559, 0.68
560, 0.63
561, 0.53
562, 0.69
563, 0.76
564, 0.47
565, 0.74
566, 0.64
567, 0.75
568, 0.55
569, 0.76
570, 0.42
571, 0.41
572, 0.71
573, 0.45
574, 0.53
575, 0.66
576, 0.65
577, 0.39
578, 0.56
579, 0.61
580, 0.57
581, 0.58
582, 0.33
583, 0.54
584, 0.50
585, 0.60
586, 0.51
587, 0.65
588, 0.51
589, 0.47
590, 0.64
591, 0.62
592, 0.58
593, 0.72
594, 0.65
595, 0.69
596, 0.58
597, 0.39
598, 0.48
599, 0.62
600, 0.68
601, 0.76
602, 0.72
603, 0.52
604, 0.68
605, 0.33
606, 0.53
607, 0.48
608, 0.74
609, 0.62
610, 0.67
611, 0.63
612, 0.55
613, 0.56
614, 0.68
615, 0.37
616, 0.62
617, 0.65
618, 0.48
619, 0.46
620, 0.42
621, 0.63
622, 0.48
623, 0.54
624, 0.53
625, 0.65
626, 0.50
627, 0.77
628, 0.61
629, 0.62
630, 0.62
631, 0.51
632, 0.59
633, 0.65
634, 0.72
635, 0.62
636, 0.78
637, 0.62
638, 0.48
639, 0.60
640, 0.56
641, 0.65
642, 0.59
643, 0.65
644, 0.65
645, 0.51
646, 0.51
647, 0.60
648, 0.73
649, 0.61
650, 0.56
651, 0.61
652, 0.68
653, 0.68
654, 0.70
655, 0.51
656, 0.71
657, 0.57
658, 0.49
659, 0.53
660, 0.56
661, 0.45
662, 0.62
663, 0.59
664, 0.51
665, 0.51
666, 0.48
667, 0.76
668, 0.58
669, 0.72
670, 0.53
671, 0.59
672, 0.75
673, 0.65
674, 0.61
675, 0.75
676, 0.47
677, 0.49
678, 0.49
679, 0.62
680, 0.76
681, 0.73
682, 0.40
683, 0.47
684, 0.57
685, 0.41
686, 0.58
687, 0.69
688, 0.56
689, 0.57
690, 0.66
691, 0.71
692, 0.61
693, 0.56
694, 0.68
695, 0.58
696, 0.66
697, 0.64
698, 0.53
699, 0.57
700, 0.56
701, 0.47
702, 0.58
703, 0.59
704, 0.50
705, 0.57
706, 0.53
707, 0.47
708, 0.54
709, 0.49
710, 0.73
711, 0.34
712, 0.60
713, 0.63
714, 0.61
715, 0.59
716, 0.50
717, 0.54
718, 0.32
719, 0.62
720, 0.47
721, 0.63
722, 0.49
723, 0.57
724, 0.49
725, 0.59
726, 0.55
727, 0.47
728, 0.53
729, 0.58
730, 0.51
731, 0.44
732, 0.60
733, 0.54
734, 0.52
735, 0.39
736, 0.65
737, 0.51
738, 0.67
739, 0.51
740, 0.59
741, 0.46
742, 0.59
743, 0.47
744, 0.69
745, 0.57
746, 0.53
747, 0.62
748, 0.53
749, 0.70
750, 0.65
751, 0.56
752, 0.61
753, 0.71
754, 0.57
755, 0.51
756, 0.69
757, 0.66
758, 0.46
759, 0.58
760, 0.44
761, 0.66
762, 0.57
763, 0.54
764, 0.60
765, 0.50
766, 0.65
767, 0.56
768, 0.48
769, 0.51
770, 0.44
771, 0.66
772, 0.56
773, 0.64
774, 0.56
775, 0.59
776, 0.63
777, 0.53
778, 0.67
779, 0.64
780, 0.66
781, 0.62
782, 0.73
783, 0.63
784, 0.58
785, 0.49
786, 0.54
787, 0.49
788, 0.50
789, 0.48
790, 0.48
791, 0.68
792, 0.43
793, 0.54
794, 0.53
795, 0.55
796, 0.50
797, 0.62
798, 0.62
799, 0.74
800, 0.61
801, 0.63
802, 0.38
803, 0.50
804, 0.66
805, 0.58
806, 0.55
807, 0.68
808, 0.47
809, 0.52
810, 0.34
811, 0.62
812, 0.72
813, 0.44
814, 0.56
815, 0.46
816, 0.70
817, 0.31
818, 0.64
819, 0.57
820, 0.67
821, 0.24
822, 0.69
823, 0.59
824, 0.51
825, 0.48
826, 0.66
827, 0.64
828, 0.72
829, 0.65
830, 0.58
831, 0.45
832, 0.58
833, 0.40
834, 0.68
835, 0.55
836, 0.69
837, 0.63
838, 0.70
839, 0.65
840, 0.51
841, 0.59
842, 0.57
843, 0.69
844, 0.49
845, 0.49
846, 0.66
847, 0.44
848, 0.48
849, 0.52
850, 0.47
851, 0.37
852, 0.50
853, 0.62
854, 0.57
855, 0.73
856, 0.51
857, 0.35
858, 0.38
859, 0.71
860, 0.66
861, 0.48
862, 0.65
863, 0.52
864, 0.67
865, 0.42
866, 0.53
867, 0.45
868, 0.59
869, 0.55
870, 0.47
871, 0.69
872, 0.53
873, 0.76
874, 0.47
875, 0.46
876, 0.51
877, 0.65
878, 0.60
879, 0.62
880, 0.65
881, 0.38
882, 0.52
883, 0.63
884, 0.52
885, 0.32
886, 0.74
887, 0.56
888, 0.62
889, 0.50
890, 0.56
891, 0.47
892, 0.68
893, 0.54
894, 0.77
895, 0.67
896, 0.35
897, 0.56
898, 0.69
899, 0.49
900, 0.58
901, 0.45
902, 0.40
903, 0.63
904, 0.76
905, 0.75
906, 0.60
907, 0.67
908, 0.31
909, 0.37
910, 0.68
911, 0.58
912, 0.51
913, 0.56
914, 0.48
915, 0.51
916, 0.38
917, 0.76
918, 0.58
919, 0.66
920, 0.49
921, 0.63
922, 0.59
923, 0.70
924, 0.69
925, 0.42
926, 0.56
927, 0.76
928, 0.45
929, 0.66
930, 0.63
931, 0.54
932, 0.49
933, 0.60
934, 0.58
935, 0.52
936, 0.67
937, 0.58
938, 0.59
939, 0.51
940, 0.65
941, 0.46
942, 0.55
943, 0.66
944, 0.53
945, 0.53
946, 0.45
947, 0.76
948, 0.45
949, 0.49
950, 0.64
951, 0.64
952, 0.53
953, 0.65
954, 0.48
955, 0.56
956, 0.57
957, 0.62
958, 0.54
959, 0.49
960, 0.54
961, 0.64
962, 0.61
963, 0.71
964, 0.54
965, 0.52
966, 0.45
967, 0.54
968, 0.56
969, 0.56
970, 0.51
971, 0.46
972, 0.64
973, 0.47
974, 0.53
975, 0.61
976, 0.65
977, 0.34
978, 0.56
979, 0.62
980, 0.59
981, 0.64
982, 0.63
983, 0.58
984, 0.36
985, 0.59
986, 0.55
987, 0.57
988, 0.67
989, 0.58
990, 0.46
991, 0.50
992, 0.52
993, 0.62
994, 0.30
995, 0.54
996, 0.59
997, 0.50
998, 0.51
999, 0.66
1000, 0.59
1001, 0.63
1002, 0.52
1003, 0.61
1004, 0.75
1005, 0.51
1006, 0.52
1007, 0.75
1008, 0.66
1009, 0.30
1010, 0.58
1011, 0.54
1012, 0.58
1013, 0.55
1014, 0.28
1015, 0.49
1016, 0.67
1017, 0.62
1018, 0.62
1019, 0.67
1020, 0.46
1021, 0.59
1022, 0.59
1023, 0.62
1024, 0.59
1025, 0.51
1026, 0.76
1027, 0.68
1028, 0.55
1029, 0.58
1030, 0.49
1031, 0.71
1032, 0.34
1033, 0.61
1034, 0.62
1035, 0.72
1036, 0.57
1037, 0.59
1038, 0.58
1039, 0.64
1040, 0.57
1041, 0.65
1042, 0.76
1043, 0.57
1044, 0.53
1045, 0.65
1046, 0.56
1047, 0.55
1048, 0.51
1049, 0.57
1050, 0.58
1051, 0.75
1052, 0.68
1053, 0.46
1054, 0.48
1055, 0.76
1056, 0.23
1057, 0.57
1058, 0.63
1059, 0.57
1060, 0.65
1061, 0.57
1062, 0.62
1063, 0.63
1064, 0.75
1065, 0.55
1066, 0.76
1067, 0.51
1068, 0.51
1069, 0.60
1070, 0.71
1071, 0.63
1072, 0.64
1073, 0.69
1074, 0.26
1075, 0.46
1076, 0.50
1077, 0.52
1078, 0.68
1079, 0.49
1080, 0.47
1081, 0.57
1082, 0.50
1083, 0.73
1084, 0.65
1085, 0.47
1086, 0.65
1087, 0.60
1088, 0.66
1089, 0.37
1090, 0.57
1091, 0.64
1092, 0.50
1093, 0.57
1094, 0.60
1095, 0.63
1096, 0.52
1097, 0.62
1098, 0.68
1099, 0.57
1100, 0.45
1101, 0.33
1102, 0.62
1103, 0.59
1104, 0.63
1105, 0.54
1106, 0.53
1107, 0.56
1108, 0.49
1109, 0.49
1110, 0.65
1111, 0.33
1112, 0.35
1113, 0.65
1114, 0.72
1115, 0.62
1116, 0.62
1117, 0.55
1118, 0.72
1119, 0.71
1120, 0.72
1121, 0.49
1122, 0.36
1123, 0.66
1124, 0.67
1125, 0.51
1126, 0.55
1127, 0.54
1128, 0.70
1129, 0.46
1130, 0.54
1131, 0.59
1132, 0.53
1133, 0.59
1134, 0.56
1135, 0.50
1136, 0.51
1137, 0.59
1138, 0.56
1139, 0.57
1140, 0.69
1141, 0.50
1142, 0.49
1143, 0.67
1144, 0.58
1145, 0.60
1146, 0.65
1147, 0.47
1148, 0.72
1149, 0.75
1150, 0.54
1151, 0.57
1152, 0.75
1153, 0.27
1154, 0.45
1155, 0.46
1156, 0.46
1157, 0.53
1158, 0.52
1159, 0.53
1160, 0.59
1161, 0.36
1162, 0.57
1163, 0.55
1164, 0.52
1165, 0.74
1166, 0.57
1167, 0.64
1168, 0.64
1169, 0.39
1170, 0.58
1171, 0.56
1172, 0.73
1173, 0.57
1174, 0.75
1175, 0.70
1176, 0.57
1177, 0.63
1178, 0.59
1179, 0.50
1180, 0.55
1181, 0.53
1182, 0.47
1183, 0.68
1184, 0.72
1185, 0.65
1186, 0.76
1187, 0.69
1188, 0.61
1189, 0.57
1190, 0.60
1191, 0.75
1192, 0.33
1193, 0.69
1194, 0.54
1195, 0.62
1196, 0.60
1197, 0.55
1198, 0.59
1199, 0.75
1200, 0.61
1201, 0.55
1202, 0.58
1203, 0.76
1204, 0.34
1205, 0.37
1206, 0.63
1207, 0.53
1208, 0.48
1209, 0.48
1210, 0.50
1211, 0.66
1212, 0.57
1213, 0.63
1214, 0.52
1215, 0.64
1216, 0.60
1217, 0.51
1218, 0.56
1219, 0.64
1220, 0.47
1221, 0.73
1222, 0.64
1223, 0.57
1224, 0.72
1225, 0.56
1226, 0.64
1227, 0.45
1228, 0.63
1229, 0.60
1230, 0.59
1231, 0.60
1232, 0.66
1233, 0.48
1234, 0.65
1235, 0.47
1236, 0.62
1237, 0.38
1238, 0.66
1239, 0.47
1240, 0.33
1241, 0.50
1242, 0.65
1243, 0.72
1244, 0.55
1245, 0.72
1246, 0.63
1247, 0.46
1248, 0.73
1249, 0.55
1250, 0.54
1251, 0.67
1252, 0.68
1253, 0.60
1254, 0.59
1255, 0.63
1256, 0.76
1257, 0.72
1258, 0.68
1259, 0.50
1260, 0.52
1261, 0.62
1262, 0.49
1263, 0.61
1264, 0.66
1265, 0.60
1266, 0.62
1267, 0.38
1268, 0.63
1269, 0.57
1270, 0.55
1271, 0.58
1272, 0.65
1273, 0.73
1274, 0.64
1275, 0.53
1276, 0.63
1277, 0.54
1278, 0.56
1279, 0.52
1280, 0.55
1281, 0.58
1282, 0.35
1283, 0.61
1284, 0.67
1285, 0.72
1286, 0.70
1287, 0.71
1288, 0.63
1289, 0.58
1290, 0.70
1291, 0.75
1292, 0.66
1293, 0.75
1294, 0.60
1295, 0.66
1296, 0.57
1297, 0.64
1298, 0.62
1299, 0.70
1300, 0.51
1301, 0.66
1302, 0.46
1303, 0.63
1304, 0.55
1305, 0.61
1306, 0.74
1307, 0.61
1308, 0.57
1309, 0.63
1310, 0.51
1311, 0.52
1312, 0.44
1313, 0.56
1314, 0.52
1315, 0.76
1316, 0.48
1317, 0.45
1318, 0.59
1319, 0.61
1320, 0.65
1321, 0.60
1322, 0.47
1323, 0.60
1324, 0.60
1325, 0.47
1326, 0.54
1327, 0.59
1328, 0.71
1329, 0.70
1330, 0.58
1331, 0.51
1332, 0.71
1333, 0.57
1334, 0.66
1335, 0.66
1336, 0.42
1337, 0.50
1338, 0.63
1339, 0.54
1340, 0.60
1341, 0.53
1342, 0.54
1343, 0.54
1344, 0.64
1345, 0.75
1346, 0.50
1347, 0.51
1348, 0.52
1349, 0.56
1350, 0.62
1351, 0.59
1352, 0.45
1353, 0.57
1354, 0.59
1355, 0.61
1356, 0.50
1357, 0.55
1358, 0.65
1359, 0.50
1360, 0.61
1361, 0.56
1362, 0.74
1363, 0.53
1364, 0.63
1365, 0.51
1366, 0.44
1367, 0.74
1368, 0.65
1369, 0.55
1370, 0.54
1371, 0.49
1372, 0.60
1373, 0.50
1374, 0.59
1375, 0.76
1376, 0.57
1377, 0.25
1378, 0.64
1379, 0.61
1380, 0.56
1381, 0.59
1382, 0.46
1383, 0.57
1384, 0.62
1385, 0.65
1386, 0.70
1387, 0.55
1388, 0.49
1389, 0.44
1390, 0.59
1391, 0.74
1392, 0.57
1393, 0.61
1394, 0.75
1395, 0.63
1396, 0.64
1397, 0.46
1398, 0.54
1399, 0.65
1400, 0.53
1401, 0.60
1402, 0.52
1403, 0.49
1404, 0.53
1405, 0.46
1406, 0.59
1407, 0.63
1408, 0.55
1409, 0.41
1410, 0.76
1411, 0.57
1412, 0.76
1413, 0.55
1414, 0.59
1415, 0.47
1416, 0.51
1417, 0.63
1418, 0.50
1419, 0.65
1420, 0.60
1421, 0.49
1422, 0.56
1423, 0.55
1424, 0.54
1425, 0.63
1426, 0.61
1427, 0.61
1428, 0.56
1429, 0.47
1430, 0.59
1431, 0.61
1432, 0.66
1433, 0.59
1434, 0.60
1435, 0.50
1436, 0.58
1437, 0.62
1438, 0.48
1439, 0.67
1440, 0.54
1441, 0.57
1442, 0.60
1443, 0.49
1444, 0.62
1445, 0.47
1446, 0.46
1447, 0.43
1448, 0.49
1449, 0.52
1450, 0.67
1451, 0.66
1452, 0.69
1453, 0.73
1454, 0.53
1455, 0.58
1456, 0.59
1457, 0.62
1458, 0.46
1459, 0.59
1460, 0.55
1461, 0.27
1462, 0.60
1463, 0.46
1464, 0.63
1465, 0.48
1466, 0.56
1467, 0.46
1468, 0.54
1469, 0.62
1470, 0.59
1471, 0.55
1472, 0.50
1473, 0.51
1474, 0.57
1475, 0.51
1476, 0.48
1477, 0.56
1478, 0.49
1479, 0.53
1480, 0.72
1481, 0.59
1482, 0.58
1483, 0.71
1484, 0.51
1485, 0.63
1486, 0.54
1487, 0.76
1488, 0.46
1489, 0.63
1490, 0.46
1491, 0.61
1492, 0.50
1493, 0.40
1494, 0.66
1495, 0.76
1496, 0.54
1497, 0.68
1498, 0.49
1499, 0.53
1500, 0.53
1501, 0.53
1502, 0.31
1503, 0.64
1504, 0.53
1505, 0.47
1506, 0.58
1507, 0.60
1508, 0.70
1509, 0.34
1510, 0.65
1511, 0.57
1512, 0.46
1513, 0.51
1514, 0.55
1515, 0.51
1516, 0.57
1517, 0.52
1518, 0.60
1519, 0.46
1520, 0.50
1521, 0.48
1522, 0.34
1523, 0.45
1524, 0.42
1525, 0.59
1526, 0.51
1527, 0.45
1528, 0.65
1529, 0.67
1530, 0.43
1531, 0.73
1532, 0.48
1533, 0.67
1534, 0.61
1535, 0.62
1536, 0.56
1537, 0.62
1538, 0.74
1539, 0.63
1540, 0.52
1541, 0.75
1542, 0.62
1543, 0.51
1544, 0.63
1545, 0.58
1546, 0.68
1547, 0.66
1548, 0.69
1549, 0.70
1550, 0.48
1551, 0.28
1552, 0.67
1553, 0.52
1554, 0.59
1555, 0.45
1556, 0.54
1557, 0.75
1558, 0.54
1559, 0.56
1560, 0.75
1561, 0.56
1562, 0.46
1563, 0.45
1564, 0.54
1565, 0.73
1566, 0.43
1567, 0.65
1568, 0.56
1569, 0.75
1570, 0.56
1571, 0.68
1572, 0.74
1573, 0.45
1574, 0.53
1575, 0.53
1576, 0.69
1577, 0.76
1578, 0.75
1579, 0.60
1580, 0.28
1581, 0.35
1582, 0.53
1583, 0.67
1584, 0.29
1585, 0.61
1586, 0.50
1587, 0.61
1588, 0.60
1589, 0.69
1590, 0.62
1591, 0.73
1592, 0.61
1593, 0.35
1594, 0.58
1595, 0.49
1596, 0.65
1597, 0.65
1598, 0.70
1599, 0.57
1600, 0.47
1601, 0.31
1602, 0.71
1603, 0.64
1604, 0.66
1605, 0.52
1606, 0.63
1607, 0.63
1608, 0.54
1609, 0.56
1610, 0.68
1611, 0.59
1612, 0.59
1613, 0.50
1614, 0.61
1615, 0.76
1616, 0.66
1617, 0.57
1618, 0.52
1619, 0.61
1620, 0.74
1621, 0.62
1622, 0.71
1623, 0.38
1624, 0.67
1625, 0.68
1626, 0.57
1627, 0.69
1628, 0.65
1629, 0.51
1630, 0.72
1631, 0.66
1632, 0.54
1633, 0.50
1634, 0.45
1635, 0.37
1636, 0.72
1637, 0.56
1638, 0.66
1639, 0.49
1640, 0.47
1641, 0.50
1642, 0.75
1643, 0.60
1644, 0.63
1645, 0.49
1646, 0.47
1647, 0.72
1648, 0.67
1649, 0.48
1650, 0.34
1651, 0.51
1652, 0.48
1653, 0.74
1654, 0.51
1655, 0.64
1656, 0.49
1657, 0.62
1658, 0.55
1659, 0.65
1660, 0.62
1661, 0.44
1662, 0.61
1663, 0.61
1664, 0.67
1665, 0.70
1666, 0.60
1667, 0.61
1668, 0.45
1669, 0.67
1670, 0.60
1671, 0.74
1672, 0.55
1673, 0.64
1674, 0.58
1675, 0.45
1676, 0.52
1677, 0.65
1678, 0.45
1679, 0.69
1680, 0.58
1681, 0.69
1682, 0.51
1683, 0.55
1684, 0.60
1685, 0.69
1686, 0.70
1687, 0.63
1688, 0.46
1689, 0.62
1690, 0.66
1691, 0.60
1692, 0.59
1693, 0.47
1694, 0.66
1695, 0.59
1696, 0.57
1697, 0.75
1698, 0.64
1699, 0.59
1700, 0.42
1701, 0.69
1702, 0.69
1703, 0.74
1704, 0.52
1705, 0.65
1706, 0.73
1707, 0.60
1708, 0.56
1709, 0.58
1710, 0.53
1711, 0.44
1712, 0.62
1713, 0.38
1714, 0.52
1715, 0.71
1716, 0.69
1717, 0.61
1718, 0.52
1719, 0.51
1720, 0.56
1721, 0.51
1722, 0.49
1723, 0.51
1724, 0.56
1725, 0.63
1726, 0.67
1727, 0.61
1728, 0.39
1729, 0.73
1730, 0.54
1731, 0.57
1732, 0.70
1733, 0.64
1734, 0.57
1735, 0.60
1736, 0.61
1737, 0.46
1738, 0.72
1739, 0.59
1740, 0.72
1741, 0.66
1742, 0.44
1743, 0.50
1744, 0.54
1745, 0.60
1746, 0.52
1747, 0.60
1748, 0.57
1749, 0.60
1750, 0.60
1751, 0.31
1752, 0.58
1753, 0.61
1754, 0.73
1755, 0.63
1756, 0.31
1757, 0.71
1758, 0.59
1759, 0.60
1760, 0.64
1761, 0.68
1762, 0.57
1763, 0.45
1764, 0.67
1765, 0.67
1766, 0.61
1767, 0.71
1768, 0.49
1769, 0.57
1770, 0.54
1771, 0.63
1772, 0.38
1773, 0.47
1774, 0.65
1775, 0.63
1776, 0.54
1777, 0.54
1778, 0.64
1779, 0.52
1780, 0.75
1781, 0.51
1782, 0.54
1783, 0.58
1784, 0.53
1785, 0.60
1786, 0.64
1787, 0.63
1788, 0.67
1789, 0.59
1790, 0.70
1791, 0.52
1792, 0.56
1793, 0.64
1794, 0.56
1795, 0.25
1796, 0.52
1797, 0.63
1798, 0.51
1799, 0.67
1800, 0.73
1801, 0.61
1802, 0.55
1803, 0.56
1804, 0.49
1805, 0.59
1806, 0.76
1807, 0.62
1808, 0.63
1809, 0.63
1810, 0.64
1811, 0.58
1812, 0.64
1813, 0.65
1814, 0.65
1815, 0.61
1816, 0.47
1817, 0.56
1818, 0.41
1819, 0.54
1820, 0.54
1821, 0.55
1822, 0.49
1823, 0.46
1824, 0.55
1825, 0.62
1826, 0.43
1827, 0.53
1828, 0.48
1829, 0.66
1830, 0.49
1831, 0.47
1832, 0.65
1833, 0.75
1834, 0.63
1835, 0.47
1836, 0.75
1837, 0.37
1838, 0.60
1839, 0.48
1840, 0.52
1841, 0.55
1842, 0.47
1843, 0.47
1844, 0.58
1845, 0.63
1846, 0.63
1847, 0.54
1848, 0.60
1849, 0.49
1850, 0.63
1851, 0.45
1852, 0.35
1853, 0.69
1854, 0.59
1855, 0.61
1856, 0.64
1857, 0.47
1858, 0.50
1859, 0.56
1860, 0.46
1861, 0.59
1862, 0.69
1863, 0.46
1864, 0.59
1865, 0.70
1866, 0.38
1867, 0.66
1868, 0.52
1869, 0.69
1870, 0.48
1871, 0.59
1872, 0.58
1873, 0.63
1874, 0.51
1875, 0.67
1876, 0.77
1877, 0.62
1878, 0.58
1879, 0.67
1880, 0.76
1881, 0.68
1882, 0.72
1883, 0.54
1884, 0.64
1885, 0.45
1886, 0.49
1887, 0.26
1888, 0.35
1889, 0.65
1890, 0.56
1891, 0.62
1892, 0.75
1893, 0.61
1894, 0.46
1895, 0.71
1896, 0.53
1897, 0.33
1898, 0.55
1899, 0.65
1900, 0.55
1901, 0.63
1902, 0.74
1903, 0.57
1904, 0.62
1905, 0.70
1906, 0.60
1907, 0.55
1908, 0.67
1909, 0.62
1910, 0.52
1911, 0.52
1912, 0.71
1913, 0.64
1914, 0.33
1915, 0.52
1916, 0.63
1917, 0.64
1918, 0.53
1919, 0.70
1920, 0.56
1921, 0.76
1922, 0.65
1923, 0.28
1924, 0.75
1925, 0.50
1926, 0.54
1927, 0.58
1928, 0.51
1929, 0.55
1930, 0.50
1931, 0.53
1932, 0.48
1933, 0.66
1934, 0.63
1935, 0.57
1936, 0.58
1937, 0.60
1938, 0.56
1939, 0.61
1940, 0.68
1941, 0.66
1942, 0.60
1943, 0.64
1944, 0.76
1945, 0.60
1946, 0.73
1947, 0.53
1948, 0.55
1949, 0.71
1950, 0.56
1951, 0.66
1952, 0.45
1953, 0.49
1954, 0.54
1955, 0.66
1956, 0.65
1957, 0.60
1958, 0.56
1959, 0.63
1960, 0.42
1961, 0.74
1962, 0.63
1963, 0.64
1964, 0.72
1965, 0.66
1966, 0.60
1967, 0.54
1968, 0.49
1969, 0.40
1970, 0.72
1971, 0.66
1972, 0.72
1973, 0.57
1974, 0.60
1975, 0.47
1976, 0.33
1977, 0.64
1978, 0.41
1979, 0.64
1980, 0.56
1981, 0.58
1982, 0.36
1983, 0.60
1984, 0.66
1985, 0.63
1986, 0.72
1987, 0.53
1988, 0.52
1989, 0.61
1990, 0.65
1991, 0.54
1992, 0.73
1993, 0.60
1994, 0.65
1995, 0.62
1996, 0.63
1997, 0.65
1998, 0.68
1999, 0.53
2000, 0.67
2001, 0.24
2002, 0.57
2003, 0.56
2004, 0.75
2005, 0.74
2006, 0.69
2007, 0.73
2008, 0.49
2009, 0.69
2010, 0.75
2011, 0.69
2012, 0.62
2013, 0.41
2014, 0.66
2015, 0.68
2016, 0.71
2017, 0.50
2018, 0.72
2019, 0.55
2020, 0.51
2021, 0.59
2022, 0.60
2023, 0.48
2024, 0.56
2025, 0.62
2026, 0.60
2027, 0.72
2028, 0.59
2029, 0.75
2030, 0.25
2031, 0.53
2032, 0.52
2033, 0.49
2034, 0.50
2035, 0.60
2036, 0.57
2037, 0.53
2038, 0.61
2039, 0.52
2040, 0.46
2041, 0.48
2042, 0.60
2043, 0.61
2044, 0.50
2045, 0.64
2046, 0.74
2047, 0.50
2048, 0.65
2049, 0.62
2050, 0.48
2051, 0.53
2052, 0.66
2053, 0.45
2054, 0.67
2055, 0.43
2056, 0.59
2057, 0.50
2058, 0.50
2059, 0.62
2060, 0.57
2061, 0.40
2062, 0.45
2063, 0.45
2064, 0.58
2065, 0.75
2066, 0.50
2067, 0.69
2068, 0.53
2069, 0.55
2070, 0.58
2071, 0.52
2072, 0.45
2073, 0.53
2074, 0.54
2075, 0.55
2076, 0.62
2077, 0.54
2078, 0.64
2079, 0.32
2080, 0.60
2081, 0.72
2082, 0.68
2083, 0.53
2084, 0.66
2085, 0.54
2086, 0.64
2087, 0.77
2088, 0.53
2089, 0.64
2090, 0.60
2091, 0.59
2092, 0.68
2093, 0.64
2094, 0.54
2095, 0.52
2096, 0.57
2097, 0.49
2098, 0.45
2099, 0.61
2100, 0.51
2101, 0.55
2102, 0.51
2103, 0.57
2104, 0.45
2105, 0.50
2106, 0.69
2107, 0.74
2108, 0.54
2109, 0.66
2110, 0.59
2111, 0.60
2112, 0.50
2113, 0.55
2114, 0.25
2115, 0.74
2116, 0.47
2117, 0.67
2118, 0.46
2119, 0.30
2120, 0.58
2121, 0.57
2122, 0.62
2123, 0.50
2124, 0.68
2125, 0.58
2126, 0.58
2127, 0.63
2128, 0.61
2129, 0.66
2130, 0.62
2131, 0.54
2132, 0.53
2133, 0.72
2134, 0.74
2135, 0.66
2136, 0.54
2137, 0.75
2138, 0.63
2139, 0.37
2140, 0.67
2141, 0.75
2142, 0.59
2143, 0.47
2144, 0.53
2145, 0.63
2146, 0.70
2147, 0.66
2148, 0.67
2149, 0.53
2150, 0.47
2151, 0.59
2152, 0.64
2153, 0.57
2154, 0.73
2155, 0.64
2156, 0.57
2157, 0.61
2158, 0.59
2159, 0.65
2160, 0.70
2161, 0.68
2162, 0.54
2163, 0.44
2164, 0.49
2165, 0.61
2166, 0.69
2167, 0.61
2168, 0.70
2169, 0.69
2170, 0.41
2171, 0.57
2172, 0.49
2173, 0.66
2174, 0.55
2175, 0.62
2176, 0.65
2177, 0.66
2178, 0.54
2179, 0.68
2180, 0.61
2181, 0.61
2182, 0.76
2183, 0.58
2184, 0.53
2185, 0.54
2186, 0.63
2187, 0.50
2188, 0.67
2189, 0.58
2190, 0.47
2191, 0.50
2192, 0.52
2193, 0.72
2194, 0.52
2195, 0.58
2196, 0.74
2197, 0.47
2198, 0.53
2199, 0.56
2200, 0.53
2201, 0.59
2202, 0.73
2203, 0.70
2204, 0.70
2205, 0.31
2206, 0.46
2207, 0.52
2208, 0.53
2209, 0.45
2210, 0.75
2211, 0.48
2212, 0.69
2213, 0.63
2214, 0.52
2215, 0.63
2216, 0.45
2217, 0.75
2218, 0.57
2219, 0.65
2220, 0.72
2221, 0.57
2222, 0.53
2223, 0.59
2224, 0.47
2225, 0.68
2226, 0.66
2227, 0.34
2228, 0.51
2229, 0.57
2230, 0.52
2231, 0.58
2232, 0.72
2233, 0.65
2234, 0.67
2235, 0.62
2236, 0.48
2237, 0.60
2238, 0.52
2239, 0.57
2240, 0.63
2241, 0.54
2242, 0.68
2243, 0.74
2244, 0.45
2245, 0.65
2246, 0.66
2247, 0.60
2248, 0.51
2249, 0.58
2250, 0.40
2251, 0.43
2252, 0.61
2253, 0.53
2254, 0.48
2255, 0.69
2256, 0.50
2257, 0.49
2258, 0.52
2259, 0.52
2260, 0.66
2261, 0.74
2262, 0.66
2263, 0.56
2264, 0.52
2265, 0.49
2266, 0.64
2267, 0.53
2268, 0.74
2269, 0.71
2270, 0.48
2271, 0.66
2272, 0.59
2273, 0.57
2274, 0.53
2275, 0.71
2276, 0.61
2277, 0.51
2278, 0.58
2279, 0.47
2280, 0.67
2281, 0.67
2282, 0.60
2283, 0.60
2284, 0.61
2285, 0.70
2286, 0.54
2287, 0.47
2288, 0.56
2289, 0.64
2290, 0.76
2291, 0.45
2292, 0.74
2293, 0.76
2294, 0.60
2295, 0.69
2296, 0.67
2297, 0.67
2298, 0.56
2299, 0.27
2300, 0.74
2301, 0.52
2302, 0.49
2303, 0.51
2304, 0.29
2305, 0.58
2306, 0.57
2307, 0.50
2308, 0.63
2309, 0.70
2310, 0.52
2311, 0.65
2312, 0.59
2313, 0.49
2314, 0.59
2315, 0.61
2316, 0.50
2317, 0.66
2318, 0.62
2319, 0.48
2320, 0.56
2321, 0.54
2322, 0.55
2323, 0.51
2324, 0.50
2325, 0.60
2326, 0.45
2327, 0.54
2328, 0.60
2329, 0.24
2330, 0.61
2331, 0.58
2332, 0.65
2333, 0.52
2334, 0.58
2335, 0.63
2336, 0.73
2337, 0.58
2338, 0.67
2339, 0.70
2340, 0.57
2341, 0.61
2342, 0.52
2343, 0.73
2344, 0.64
2345, 0.40
2346, 0.64
2347, 0.62
2348, 0.54
2349, 0.53
2350, 0.53
2351, 0.54
2352, 0.64
2353, 0.47
2354, 0.70
2355, 0.44
2356, 0.53
2357, 0.53
2358, 0.55
2359, 0.53
2360, 0.54
2361, 0.76
2362, 0.57
2363, 0.75
2364, 0.62
2365, 0.70
2366, 0.63
2367, 0.26
2368, 0.64
2369, 0.50
2370, 0.60
2371, 0.62
2372, 0.43
2373, 0.50
2374, 0.34
2375, 0.65
2376, 0.59
2377, 0.56
2378, 0.59
2379, 0.58
2380, 0.56
2381, 0.46
2382, 0.55
2383, 0.52
2384, 0.49
2385, 0.68
2386, 0.52
2387, 0.75
2388, 0.59
2389, 0.70
2390, 0.58
2391, 0.60
2392, 0.70
2393, 0.52
2394, 0.48
2395, 0.41
2396, 0.48
2397, 0.65
2398, 0.68
2399, 0.47
2400, 0.59
2401, 0.54
2402, 0.55
2403, 0.53
2404, 0.65
2405, 0.64
2406, 0.57
2407, 0.52
2408, 0.55
2409, 0.29
2410, 0.57
2411, 0.61
2412, 0.64
2413, 0.37
2414, 0.58
2415, 0.56
2416, 0.69
2417, 0.54
2418, 0.63
2419, 0.75
2420, 0.61
2421, 0.74
2422, 0.67
2423, 0.61
2424, 0.64
2425, 0.59
2426, 0.33
2427, 0.61
2428, 0.57
2429, 0.42
2430, 0.53
2431, 0.59
2432, 0.51
2433, 0.73
2434, 0.62
2435, 0.59
2436, 0.49
2437, 0.58
2438, 0.52
2439, 0.49
2440, 0.47
2441, 0.27
2442, 0.63
2443, 0.54
2444, 0.50
2445, 0.51
2446, 0.30
2447, 0.56
2448, 0.59
2449, 0.75
2450, 0.65
2451, 0.55
2452, 0.61
2453, 0.53
2454, 0.50
2455, 0.67
2456, 0.72
2457, 0.38
2458, 0.58
2459, 0.47
2460, 0.68
2461, 0.77
2462, 0.48
2463, 0.74
2464, 0.54
2465, 0.59
2466, 0.45
2467, 0.59
2468, 0.54
2469, 0.46
2470, 0.59
2471, 0.50
2472, 0.50
2473, 0.55
2474, 0.59
2475, 0.70
2476, 0.42
2477, 0.62
2478, 0.49
2479, 0.51
2480, 0.42
2481, 0.32
2482, 0.70
2483, 0.56
2484, 0.49
2485, 0.54
2486, 0.67
2487, 0.60
2488, 0.62
2489, 0.57
2490, 0.33
2491, 0.59
2492, 0.53
2493, 0.61
2494, 0.47
2495, 0.55
2496, 0.55
2497, 0.59
2498, 0.75
2499, 0.49
2500, 0.55
2501, 0.54
2502, 0.46
2503, 0.50
2504, 0.57
2505, 0.65
2506, 0.65
2507, 0.37
2508, 0.61
2509, 0.28
2510, 0.63
2511, 0.65
2512, 0.58
2513, 0.72
2514, 0.76
2515, 0.65
2516, 0.75
2517, 0.50
2518, 0.61
2519, 0.54
2520, 0.60
2521, 0.54
2522, 0.64
2523, 0.66
2524, 0.56
2525, 0.67
2526, 0.45
2527, 0.64
2528, 0.54
2529, 0.67
2530, 0.58
2531, 0.58
2532, 0.64
2533, 0.55
2534, 0.61
2535, 0.27
2536, 0.51
2537, 0.65
2538, 0.62
2539, 0.57
2540, 0.42
2541, 0.74
2542, 0.28
2543, 0.65
2544, 0.56
2545, 0.61
2546, 0.25
2547, 0.59
2548, 0.62
2549, 0.52
2550, 0.72
2551, 0.57
2552, 0.65
2553, 0.74
2554, 0.68
2555, 0.53
2556, 0.51
2557, 0.50
2558, 0.55
2559, 0.55
2560, 0.62
2561, 0.44
2562, 0.73
2563, 0.74
2564, 0.49
2565, 0.57
2566, 0.57
2567, 0.61
2568, 0.57
2569, 0.62
2570, 0.64
2571, 0.54
2572, 0.57
2573, 0.69
2574, 0.59
2575, 0.55
2576, 0.69
2577, 0.48
2578, 0.63
2579, 0.62
2580, 0.58
2581, 0.54
2582, 0.59
2583, 0.43
2584, 0.41
2585, 0.55
2586, 0.68
2587, 0.65
2588, 0.48
2589, 0.51
2590, 0.53
2591, 0.62
2592, 0.65
2593, 0.37
2594, 0.47
2595, 0.65
2596, 0.45
2597, 0.62
2598, 0.52
2599, 0.47
2600, 0.71
2601, 0.47
2602, 0.58
2603, 0.62
2604, 0.47
2605, 0.34
2606, 0.72
2607, 0.54
2608, 0.61
2609, 0.60
2610, 0.55
2611, 0.50
2612, 0.51
2613, 0.62
2614, 0.53
2615, 0.64
2616, 0.62
2617, 0.74
2618, 0.63
2619, 0.49
2620, 0.56
2621, 0.50
2622, 0.75
2623, 0.53
2624, 0.51
2625, 0.54
2626, 0.70
2627, 0.76
2628, 0.71
2629, 0.59
2630, 0.56
2631, 0.58
2632, 0.41
2633, 0.74
2634, 0.64
2635, 0.47
2636, 0.54
2637, 0.28
2638, 0.52
2639, 0.64
2640, 0.61
2641, 0.51
2642, 0.64
2643, 0.67
2644, 0.50
2645, 0.69
2646, 0.52
2647, 0.46
2648, 0.68
2649, 0.62
2650, 0.64
2651, 0.53
2652, 0.68
2653, 0.25
2654, 0.71
2655, 0.66
2656, 0.74
2657, 0.76
2658, 0.68
2659, 0.42
2660, 0.63
2661, 0.65
2662, 0.76
2663, 0.63
2664, 0.62
2665, 0.63
2666, 0.63
2667, 0.49
2668, 0.60
2669, 0.25
2670, 0.62
2671, 0.76
2672, 0.59
2673, 0.37
2674, 0.61
2675, 0.49
2676, 0.49
2677, 0.57
2678, 0.71
2679, 0.60
2680, 0.59
2681, 0.72
2682, 0.67
2683, 0.67
2684, 0.57
2685, 0.49
2686, 0.71
2687, 0.65
2688, 0.57
2689, 0.64
2690, 0.56
2691, 0.49
2692, 0.60
2693, 0.51
2694, 0.66
2695, 0.50
2696, 0.56
2697, 0.58
2698, 0.67
2699, 0.67
2700, 0.60
2701, 0.52
2702, 0.59
2703, 0.58
2704, 0.53
2705, 0.62
2706, 0.72
2707, 0.53
2708, 0.40
2709, 0.71
2710, 0.63
2711, 0.49
2712, 0.71
2713, 0.62
2714, 0.47
2715, 0.27
2716, 0.50
2717, 0.45
2718, 0.67
2719, 0.54
2720, 0.38
2721, 0.72
2722, 0.39
2723, 0.69
2724, 0.61
2725, 0.46
2726, 0.63
2727, 0.65
2728, 0.59
2729, 0.57
2730, 0.61
2731, 0.60
2732, 0.69
2733, 0.48
2734, 0.55
2735, 0.58
2736, 0.40
2737, 0.55
2738, 0.56
2739, 0.55
2740, 0.61
2741, 0.70
2742, 0.64
2743, 0.74
2744, 0.30
2745, 0.67
2746, 0.49
2747, 0.28
2748, 0.67
2749, 0.45
2750, 0.46
2751, 0.65
2752, 0.52
2753, 0.72
2754, 0.69
2755, 0.75
2756, 0.48
2757, 0.55
2758, 0.75
2759, 0.54
2760, 0.38
2761, 0.52
2762, 0.56
2763, 0.58
2764, 0.58
2765, 0.66
2766, 0.55
2767, 0.59
2768, 0.65
2769, 0.57
2770, 0.63
2771, 0.37
2772, 0.56
2773, 0.62
2774, 0.60
2775, 0.55
2776, 0.71
2777, 0.71
2778, 0.59
2779, 0.48
2780, 0.65
2781, 0.59
2782, 0.49
2783, 0.62
2784, 0.73
2785, 0.60
2786, 0.73
2787, 0.70
2788, 0.53
2789, 0.50
2790, 0.53
2791, 0.54
2792, 0.55
2793, 0.36
2794, 0.60
2795, 0.36
2796, 0.59
2797, 0.55
2798, 0.57
2799, 0.58
2800, 0.51
2801, 0.47
2802, 0.57
2803, 0.70
2804, 0.28
2805, 0.52
2806, 0.51
2807, 0.59
2808, 0.64
2809, 0.52
2810, 0.48
2811, 0.48
2812, 0.66
2813, 0.55
2814, 0.70
2815, 0.55
2816, 0.56
2817, 0.48
2818, 0.47
2819, 0.39
2820, 0.76
2821, 0.60
2822, 0.32
2823, 0.44
2824, 0.64
2825, 0.49
2826, 0.75
2827, 0.59
2828, 0.52
2829, 0.45
2830, 0.56
2831, 0.68
2832, 0.53
2833, 0.39
2834, 0.76
2835, 0.65
2836, 0.51
2837, 0.69
2838, 0.63
2839, 0.64
2840, 0.70
2841, 0.46
2842, 0.57
2843, 0.64
2844, 0.49
2845, 0.55
2846, 0.64
2847, 0.59
2848, 0.54
2849, 0.66
2850, 0.70
2851, 0.61
2852, 0.48
2853, 0.71
2854, 0.64
2855, 0.66
2856, 0.48
2857, 0.70
2858, 0.56
2859, 0.63
2860, 0.53
2861, 0.52
2862, 0.66
2863, 0.56
2864, 0.71
2865, 0.64
2866, 0.51
2867, 0.28
2868, 0.60
2869, 0.65
2870, 0.67
2871, 0.44
2872, 0.50
2873, 0.48
2874, 0.64
2875, 0.57
2876, 0.47
2877, 0.60
2878, 0.70
2879, 0.61
2880, 0.72
2881, 0.61
2882, 0.74
2883, 0.47
2884, 0.73
2885, 0.49
2886, 0.66
2887, 0.66
2888, 0.30
2889, 0.68
2890, 0.61
2891, 0.50
2892, 0.59
2893, 0.42
2894, 0.54
2895, 0.59
2896, 0.75
2897, 0.44
2898, 0.75
2899, 0.66
2900, 0.59
2901, 0.54
2902, 0.73
2903, 0.76
2904, 0.47
2905, 0.54
2906, 0.56
2907, 0.66
2908, 0.64
2909, 0.55
2910, 0.77
2911, 0.62
2912, 0.47
2913, 0.58
2914, 0.50
2915, 0.71
2916, 0.51
2917, 0.48
2918, 0.66
2919, 0.57
2920, 0.34
2921, 0.75
2922, 0.62
2923, 0.55
2924, 0.55
2925, 0.58
2926, 0.61
2927, 0.62
2928, 0.58
2929, 0.69
2930, 0.38
2931, 0.63
2932, 0.59
2933, 0.61
2934, 0.55
2935, 0.61
2936, 0.67
2937, 0.33
2938, 0.68
2939, 0.46
2940, 0.59
2941, 0.48
2942, 0.61
2943, 0.74
2944, 0.55
2945, 0.46
2946, 0.61
2947, 0.41
2948, 0.76
2949, 0.72
2950, 0.45
2951, 0.61
2952, 0.69
2953, 0.65
2954, 0.75
2955, 0.55
2956, 0.67
2957, 0.73
2958, 0.49
2959, 0.47
2960, 0.68
2961, 0.65
2962, 0.58
2963, 0.70
2964, 0.61
2965, 0.57
2966, 0.53
2967, 0.59
2968, 0.51
2969, 0.69
2970, 0.48
2971, 0.63
2972, 0.49
2973, 0.72
2974, 0.74
2975, 0.50
2976, 0.68
2977, 0.37
2978, 0.66
2979, 0.55
2980, 0.60
2981, 0.63
2982, 0.58
2983, 0.49
2984, 0.36
2985, 0.69
2986, 0.57
2987, 0.44
2988, 0.56
2989, 0.46
2990, 0.62
2991, 0.65
2992, 0.70
2993, 0.58
2994, 0.63
2995, 0.60
2996, 0.51
2997, 0.47
2998, 0.55
2999, 0.56
3000, 0.52
3001, 0.61
3002, 0.65
3003, 0.74
3004, 0.67
3005, 0.36
3006, 0.49
3007, 0.66
3008, 0.37
3009, 0.54
3010, 0.51
3011, 0.48
3012, 0.52
3013, 0.61
3014, 0.67
3015, 0.44
3016, 0.46
3017, 0.63
3018, 0.70
3019, 0.62
3020, 0.67
3021, 0.55
3022, 0.61
3023, 0.69
3024, 0.58
3025, 0.39
3026, 0.53
3027, 0.59
3028, 0.52
3029, 0.52
3030, 0.58
3031, 0.68
3032, 0.41
3033, 0.38
3034, 0.52
3035, 0.70
3036, 0.64
3037, 0.49
3038, 0.56
3039, 0.62
3040, 0.65
3041, 0.49
3042, 0.53
3043, 0.53
3044, 0.69
3045, 0.69
3046, 0.64
3047, 0.47
3048, 0.47
3049, 0.52
3050, 0.51
3051, 0.62
3052, 0.62
3053, 0.55
3054, 0.47
3055, 0.64
3056, 0.64
3057, 0.59
3058, 0.70
3059, 0.49
3060, 0.64
3061, 0.63
3062, 0.54
3063, 0.51
3064, 0.50
3065, 0.53
3066, 0.62
3067, 0.69
3068, 0.37
3069, 0.61
3070, 0.69
3071, 0.55
3072, 0.72
3073, 0.59
3074, 0.62
3075, 0.54
3076, 0.55
3077, 0.46
3078, 0.59
3079, 0.61
3080, 0.60
3081, 0.76
3082, 0.76
3083, 0.52
3084, 0.61
3085, 0.54
3086, 0.57
3087, 0.59
3088, 0.61
3089, 0.76
3090, 0.58
3091, 0.65
3092, 0.46
3093, 0.55
3094, 0.71
3095, 0.67
3096, 0.62
3097, 0.53
3098, 0.67
3099, 0.64
3100, 0.75
3101, 0.58
3102, 0.56
3103, 0.52
3104, 0.46
3105, 0.52
3106, 0.29
3107, 0.57
3108, 0.52
3109, 0.52
3110, 0.77
3111, 0.61
3112, 0.59
3113, 0.61
3114, 0.64
3115, 0.64
3116, 0.51
3117, 0.65
3118, 0.63
3119, 0.33
3120, 0.57
3121, 0.59
3122, 0.52
3123, 0.63
3124, 0.75
3125, 0.36
3126, 0.45
3127, 0.63
3128, 0.50
3129, 0.72
3130, 0.53
3131, 0.49
3132, 0.54
3133, 0.70
3134, 0.62
3135, 0.68
3136, 0.60
3137, 0.65
3138, 0.67
3139, 0.57
3140, 0.59
3141, 0.53
3142, 0.72
3143, 0.67
3144, 0.61
3145, 0.28
3146, 0.59
3147, 0.57
3148, 0.63
3149, 0.63
3150, 0.67
3151, 0.52
3152, 0.59
3153, 0.53
3154, 0.69
3155, 0.54
3156, 0.56
3157, 0.61
3158, 0.52
3159, 0.72
3160, 0.73
3161, 0.51
3162, 0.62
3163, 0.61
3164, 0.77
3165, 0.43
3166, 0.67
3167, 0.47
3168, 0.67
3169, 0.57
3170, 0.68
3171, 0.51
3172, 0.61
3173, 0.76
3174, 0.53
3175, 0.61
3176, 0.68
3177, 0.54
3178, 0.62
3179, 0.50
3180, 0.50
3181, 0.64
3182, 0.68
3183, 0.59
3184, 0.57
3185, 0.53
3186, 0.47
3187, 0.57
3188, 0.52
3189, 0.60
3190, 0.68
3191, 0.74
3192, 0.61
3193, 0.54
3194, 0.56
3195, 0.46
3196, 0.54
3197, 0.64
3198, 0.63
3199, 0.50
3200, 0.46
3201, 0.68
3202, 0.59
3203, 0.65
3204, 0.76
3205, 0.54
3206, 0.60
3207, 0.75
3208, 0.53
3209, 0.59
3210, 0.55
3211, 0.75
3212, 0.73
3213, 0.47
3214, 0.50
3215, 0.72
3216, 0.48
3217, 0.37
3218, 0.66
3219, 0.60
3220, 0.36
3221, 0.63
3222, 0.72
3223, 0.66
3224, 0.54
3225, 0.62
3226, 0.60
3227, 0.64
3228, 0.54
3229, 0.60
3230, 0.57
3231, 0.50
3232, 0.72
3233, 0.40
3234, 0.63
3235, 0.51
3236, 0.59
3237, 0.65
3238, 0.64
3239, 0.67
3240, 0.37
3241, 0.51
3242, 0.51
3243, 0.65
3244, 0.57
3245, 0.53
3246, 0.63
3247, 0.70
3248, 0.57
3249, 0.59
3250, 0.48
3251, 0.55
3252, 0.53
3253, 0.57
3254, 0.77
3255, 0.65
3256, 0.52
3257, 0.36
3258, 0.75
3259, 0.61
3260, 0.45
3261, 0.44
3262, 0.55
3263, 0.67
3264, 0.49
3265, 0.69
3266, 0.69
3267, 0.48
3268, 0.63
3269, 0.64
3270, 0.66
3271, 0.48
3272, 0.53
3273, 0.56
3274, 0.72
3275, 0.70
3276, 0.47
3277, 0.38
3278, 0.46
3279, 0.68
3280, 0.65
3281, 0.37
3282, 0.62
3283, 0.49
3284, 0.67
3285, 0.53
3286, 0.77
3287, 0.61
3288, 0.55
3289, 0.52
3290, 0.52
3291, 0.71
3292, 0.56
3293, 0.67
3294, 0.47
3295, 0.50
3296, 0.61
3297, 0.38
3298, 0.63
3299, 0.57
3300, 0.62
3301, 0.64
3302, 0.53
3303, 0.53
3304, 0.64
3305, 0.46
3306, 0.56
3307, 0.67
3308, 0.48
3309, 0.60
3310, 0.74
3311, 0.56
3312, 0.68
3313, 0.55
3314, 0.61
3315, 0.51
3316, 0.56
3317, 0.57
3318, 0.56
3319, 0.49
3320, 0.52
3321, 0.38
3322, 0.59
3323, 0.60
3324, 0.42
3325, 0.47
3326, 0.49
3327, 0.46
3328, 0.63
3329, 0.45
3330, 0.53
3331, 0.33
3332, 0.55
3333, 0.64
3334, 0.58
3335, 0.73
3336, 0.48
3337, 0.53
3338, 0.53
3339, 0.71
3340, 0.67
3341, 0.51
3342, 0.49
3343, 0.44
3344, 0.55
3345, 0.70
3346, 0.64
3347, 0.53
3348, 0.51
3349, 0.62
3350, 0.49
3351, 0.54
3352, 0.44
3353, 0.49
3354, 0.51
3355, 0.45
3356, 0.73
3357, 0.69
3358, 0.25
3359, 0.53
3360, 0.54
3361, 0.72
3362, 0.60
3363, 0.64
3364, 0.59
3365, 0.60
3366, 0.40
3367, 0.39
3368, 0.27
3369, 0.54
3370, 0.65
3371, 0.51
3372, 0.62
3373, 0.54
3374, 0.60
3375, 0.64
3376, 0.47
3377, 0.67
3378, 0.59
3379, 0.32
3380, 0.49
3381, 0.47
3382, 0.49
3383, 0.54
3384, 0.47
3385, 0.60
3386, 0.53
3387, 0.59
3388, 0.58
3389, 0.67
3390, 0.63
3391, 0.57
3392, 0.63
3393, 0.47
3394, 0.57
3395, 0.62
3396, 0.74
3397, 0.55
3398, 0.52
3399, 0.63
3400, 0.58
3401, 0.60
3402, 0.72
3403, 0.56
3404, 0.66
3405, 0.48
3406, 0.67
3407, 0.51
3408, 0.54
3409, 0.48
3410, 0.58
3411, 0.61
3412, 0.68
3413, 0.47
3414, 0.75
3415, 0.64
3416, 0.53
3417, 0.50
3418, 0.36
3419, 0.26
3420, 0.50
3421, 0.27
3422, 0.71
3423, 0.51
3424, 0.64
3425, 0.76
3426, 0.68
3427, 0.50
3428, 0.57
3429, 0.66
3430, 0.51
3431, 0.70
3432, 0.51
3433, 0.62
3434, 0.51
3435, 0.53
3436, 0.61
3437, 0.77
3438, 0.53
3439, 0.56
3440, 0.50
3441, 0.47
3442, 0.47
3443, 0.52
3444, 0.47
3445, 0.59
3446, 0.71
3447, 0.64
3448, 0.65
3449, 0.69
3450, 0.26
3451, 0.61
3452, 0.63
3453, 0.55
3454, 0.76
3455, 0.47
3456, 0.45
3457, 0.69
3458, 0.56
3459, 0.53
3460, 0.45
3461, 0.50
3462, 0.68
3463, 0.74
3464, 0.69
3465, 0.48
3466, 0.54
3467, 0.59
3468, 0.53
3469, 0.64
3470, 0.25
3471, 0.64
3472, 0.57
3473, 0.39
3474, 0.53
3475, 0.69
3476, 0.66
3477, 0.49
3478, 0.69
3479, 0.66
3480, 0.36
3481, 0.51
3482, 0.54
3483, 0.61
3484, 0.50
3485, 0.74
3486, 0.71
3487, 0.66
3488, 0.55
3489, 0.69
3490, 0.72
3491, 0.55
3492, 0.72
3493, 0.58
3494, 0.49
3495, 0.63
3496, 0.51
3497, 0.58
3498, 0.56
3499, 0.59
3500, 0.62
3501, 0.58
3502, 0.62
3503, 0.54
3504, 0.28
3505, 0.69
3506, 0.50
3507, 0.48
3508, 0.50
3509, 0.58
3510, 0.64
3511, 0.70
3512, 0.41
3513, 0.61
3514, 0.71
3515, 0.46
3516, 0.72
3517, 0.64
3518, 0.48
3519, 0.40
3520, 0.63
3521, 0.63
3522, 0.46
3523, 0.59
3524, 0.59
3525, 0.71
3526, 0.57
3527, 0.39
3528, 0.73
3529, 0.51
3530, 0.62
3531, 0.39
3532, 0.61
3533, 0.65
3534, 0.37
3535, 0.55
3536, 0.54
3537, 0.40
3538, 0.54
3539, 0.32
3540, 0.66
3541, 0.74
3542, 0.52
3543, 0.63
3544, 0.47
3545, 0.51
3546, 0.66
3547, 0.54
3548, 0.57
3549, 0.56
3550, 0.55
3551, 0.66
3552, 0.64
3553, 0.63
3554, 0.56
3555, 0.48
3556, 0.64
3557, 0.66
3558, 0.61
3559, 0.59
3560, 0.50
3561, 0.54
3562, 0.54
3563, 0.24
3564, 0.28
3565, 0.32
3566, 0.50
3567, 0.59
3568, 0.24
3569, 0.76
3570, 0.61
3571, 0.62
3572, 0.49
3573, 0.70
3574, 0.49
3575, 0.50
3576, 0.48
3577, 0.54
3578, 0.53
3579, 0.58
3580, 0.47
3581, 0.68
3582, 0.51
3583, 0.61
3584, 0.66
3585, 0.53
3586, 0.67
3587, 0.59
3588, 0.54
3589, 0.45
3590, 0.48
3591, 0.67
3592, 0.68
3593, 0.54
3594, 0.46
3595, 0.68
3596, 0.53
3597, 0.47
3598, 0.55
3599, 0.68
3600, 0.46
3601, 0.48
3602, 0.23
3603, 0.75
3604, 0.63
3605, 0.59
3606, 0.65
3607, 0.25
3608, 0.60
3609, 0.63
3610, 0.66
3611, 0.69
3612, 0.64
3613, 0.53
3614, 0.70
3615, 0.46
3616, 0.75
3617, 0.66
3618, 0.55
3619, 0.52
3620, 0.54
3621, 0.49
3622, 0.49
3623, 0.54
3624, 0.68
3625, 0.75
3626, 0.59
3627, 0.55
3628, 0.50
3629, 0.39
3630, 0.62
3631, 0.75
3632, 0.61
3633, 0.51
3634, 0.66
3635, 0.67
3636, 0.62
3637, 0.57
3638, 0.48
3639, 0.49
3640, 0.54
3641, 0.43
3642, 0.67
3643, 0.75
3644, 0.71
3645, 0.51
3646, 0.75
3647, 0.47
3648, 0.62
3649, 0.53
3650, 0.55
3651, 0.59
3652, 0.51
3653, 0.77
3654, 0.47
3655, 0.71
3656, 0.50
3657, 0.46
3658, 0.66
3659, 0.60
3660, 0.76
3661, 0.68
3662, 0.57
3663, 0.62
3664, 0.59
3665, 0.63
3666, 0.60
3667, 0.67
3668, 0.59
3669, 0.56
3670, 0.27
3671, 0.53
3672, 0.60
3673, 0.64
3674, 0.61
3675, 0.65
3676, 0.52
3677, 0.65
3678, 0.66
3679, 0.66
3680, 0.62
3681, 0.67
3682, 0.46
3683, 0.56
3684, 0.52
3685, 0.58
3686, 0.62
3687, 0.52
3688, 0.52
3689, 0.56
3690, 0.52
3691, 0.47
3692, 0.53
3693, 0.54
3694, 0.57
3695, 0.65
3696, 0.60
3697, 0.64
3698, 0.54
3699, 0.56
3700, 0.71
3701, 0.66
3702, 0.58
3703, 0.52
3704, 0.60
3705, 0.71
3706, 0.61
3707, 0.57
3708, 0.38
3709, 0.50
3710, 0.51
3711, 0.63
3712, 0.58
3713, 0.44
3714, 0.54
3715, 0.64
3716, 0.56
3717, 0.72
3718, 0.48
3719, 0.59
3720, 0.57
3721, 0.72
3722, 0.69
3723, 0.54
3724, 0.66
3725, 0.44
3726, 0.52
3727, 0.72
3728, 0.57
3729, 0.55
3730, 0.66
3731, 0.63
3732, 0.64
3733, 0.57
3734, 0.59
3735, 0.61
3736, 0.64
3737, 0.61
3738, 0.43
3739, 0.54
3740, 0.71
3741, 0.61
3742, 0.53
3743, 0.55
3744, 0.37
3745, 0.63
3746, 0.68
3747, 0.77
3748, 0.47
3749, 0.65
3750, 0.73
3751, 0.68
3752, 0.69
3753, 0.71
3754, 0.74
3755, 0.63
3756, 0.53
3757, 0.61
3758, 0.68
3759, 0.27
3760, 0.46
3761, 0.45
3762, 0.56
3763, 0.73
3764, 0.46
3765, 0.66
3766, 0.57
3767, 0.57
3768, 0.59
3769, 0.76
3770, 0.59
3771, 0.50
3772, 0.63
3773, 0.59
3774, 0.59
3775, 0.57
3776, 0.63
3777, 0.65
3778, 0.47
3779, 0.61
3780, 0.56
3781, 0.68
3782, 0.68
3783, 0.41
3784, 0.58
3785, 0.59
3786, 0.67
3787, 0.62
3788, 0.57
3789, 0.55
3790, 0.54
3791, 0.57
3792, 0.66
3793, 0.69
3794, 0.62
3795, 0.68
3796, 0.66
3797, 0.60
3798, 0.75
3799, 0.58
3800, 0.75
3801, 0.69
3802, 0.60
3803, 0.71
3804, 0.63
3805, 0.59
3806, 0.51
3807, 0.58
3808, 0.66
3809, 0.69
3810, 0.47
3811, 0.64
3812, 0.50
3813, 0.53
3814, 0.58
3815, 0.75
3816, 0.46
3817, 0.55
3818, 0.50
3819, 0.52
3820, 0.39
3821, 0.38
3822, 0.36
3823, 0.54
3824, 0.47
3825, 0.47
3826, 0.63
3827, 0.58
3828, 0.75
3829, 0.55
3830, 0.62
3831, 0.56
3832, 0.45
3833, 0.56
3834, 0.73
3835, 0.27
3836, 0.75
3837, 0.70
3838, 0.55
3839, 0.62
3840, 0.45
3841, 0.33
3842, 0.66
3843, 0.75
3844, 0.50
3845, 0.46
3846, 0.33
3847, 0.65
3848, 0.53
3849, 0.61
3850, 0.57
3851, 0.60
3852, 0.66
3853, 0.55
3854, 0.52
3855, 0.67
3856, 0.64
3857, 0.75
3858, 0.69
3859, 0.63
3860, 0.63
3861, 0.76
3862, 0.45
3863, 0.61
3864, 0.49
3865, 0.43
3866, 0.56
3867, 0.62
3868, 0.49
3869, 0.61
3870, 0.53
3871, 0.57
3872, 0.56
3873, 0.56
3874, 0.61
3875, 0.74
3876, 0.52
3877, 0.36
3878, 0.57
3879, 0.48
3880, 0.63
3881, 0.56
3882, 0.59
3883, 0.58
3884, 0.56
3885, 0.33
3886, 0.46
3887, 0.54
3888, 0.56
3889, 0.67
3890, 0.52
3891, 0.62
3892, 0.47
3893, 0.50
3894, 0.60
3895, 0.55
3896, 0.55
3897, 0.50
3898, 0.54
3899, 0.56
3900, 0.63
3901, 0.68
3902, 0.68
3903, 0.58
3904, 0.74
3905, 0.59
3906, 0.58
3907, 0.63
3908, 0.75
3909, 0.65
3910, 0.34
3911, 0.50
3912, 0.51
3913, 0.58
3914, 0.50
3915, 0.62
3916, 0.26
3917, 0.31
3918, 0.66
3919, 0.57
3920, 0.62
3921, 0.54
3922, 0.66
3923, 0.57
3924, 0.70
3925, 0.59
3926, 0.54
3927, 0.63
3928, 0.77
3929, 0.75
3930, 0.54
3931, 0.60
3932, 0.68
3933, 0.68
3934, 0.62
3935, 0.60
3936, 0.61
3937, 0.58
3938, 0.59
3939, 0.64
3940, 0.64
3941, 0.54
3942, 0.58
3943, 0.53
3944, 0.76
3945, 0.56
3946, 0.53
3947, 0.53
3948, 0.45
3949, 0.62
3950, 0.59
3951, 0.55
3952, 0.75
3953, 0.46
3954, 0.60
3955, 0.50
3956, 0.51
3957, 0.51
3958, 0.64
3959, 0.75
3960, 0.48
3961, 0.70
3962, 0.54
3963, 0.45
3964, 0.61
3965, 0.71
3966, 0.68
3967, 0.65
3968, 0.61
3969, 0.45
3970, 0.38
3971, 0.62
3972, 0.68
3973, 0.49
3974, 0.54
3975, 0.60
3976, 0.41
3977, 0.71
3978, 0.74
3979, 0.58
3980, 0.52
3981, 0.55
3982, 0.63
3983, 0.75
3984, 0.65
3985, 0.67
3986, 0.31
3987, 0.28
3988, 0.71
3989, 0.40
3990, 0.52
3991, 0.56
3992, 0.61
3993, 0.60
3994, 0.58
3995, 0.53
3996, 0.46
3997, 0.32
3998, 0.63
3999, 0.54
4000, 0.60
4001, 0.58
4002, 0.59
4003, 0.75
4004, 0.55
4005, 0.66
4006, 0.29
4007, 0.60
4008, 0.62
4009, 0.74
4010, 0.52
4011, 0.70
4012, 0.60
4013, 0.64
4014, 0.50
4015, 0.70
4016, 0.47
4017, 0.49
4018, 0.68
4019, 0.59
4020, 0.61
4021, 0.69
4022, 0.70
4023, 0.66
4024, 0.55
4025, 0.70
4026, 0.67
4027, 0.52
4028, 0.44
4029, 0.57
4030, 0.59
4031, 0.48
4032, 0.60
4033, 0.57
4034, 0.40
4035, 0.59
4036, 0.67
4037, 0.52
4038, 0.63
4039, 0.69
4040, 0.60
4041, 0.55
4042, 0.58
4043, 0.67
4044, 0.61
4045, 0.50
4046, 0.49
4047, 0.49
4048, 0.64
4049, 0.61
4050, 0.65
4051, 0.54
4052, 0.55
4053, 0.53
4054, 0.64
4055, 0.68
4056, 0.42
4057, 0.63
4058, 0.76
4059, 0.62
4060, 0.53
4061, 0.46
4062, 0.59
4063, 0.51
4064, 0.47
4065, 0.56
4066, 0.73
4067, 0.47
4068, 0.75
4069, 0.72
4070, 0.46
4071, 0.74
4072, 0.40
4073, 0.72
4074, 0.43
4075, 0.64
4076, 0.56
4077, 0.55
4078, 0.55
4079, 0.55
4080, 0.42
4081, 0.67
4082, 0.71
4083, 0.52
4084, 0.65
4085, 0.62
4086, 0.53
4087, 0.68
4088, 0.57
4089, 0.67
4090, 0.71
4091, 0.75
4092, 0.75
4093, 0.67
4094, 0.66
4095, 0.61
4096, 0.62
4097, 0.56
4098, 0.32
4099, 0.54
4100, 0.29
4101, 0.48
4102, 0.66
4103, 0.36
4104, 0.51
4105, 0.58
4106, 0.69
4107, 0.58
4108, 0.75
4109, 0.47
4110, 0.75
4111, 0.70
4112, 0.73
4113, 0.70
4114, 0.57
4115, 0.40
4116, 0.58
4117, 0.63
4118, 0.61
4119, 0.47
4120, 0.68
4121, 0.54
4122, 0.61
4123, 0.46
4124, 0.66
4125, 0.60
4126, 0.58
4127, 0.53
4128, 0.64
4129, 0.72
4130, 0.72
4131, 0.61
4132, 0.63
4133, 0.50
4134, 0.68
4135, 0.59
4136, 0.67
4137, 0.65
4138, 0.50
4139, 0.37
4140, 0.55
4141, 0.72
4142, 0.50
4143, 0.63
4144, 0.28
4145, 0.36
4146, 0.71
4147, 0.53
4148, 0.48
4149, 0.47
4150, 0.68
4151, 0.68
4152, 0.58
4153, 0.64
4154, 0.63
4155, 0.75
4156, 0.48
4157, 0.69
4158, 0.57
4159, 0.63
4160, 0.51
4161, 0.48
4162, 0.54
4163, 0.63
4164, 0.56
4165, 0.76
4166, 0.63
4167, 0.40
4168, 0.38
4169, 0.63
4170, 0.65
4171, 0.59
4172, 0.62
4173, 0.66
4174, 0.44
4175, 0.48
4176, 0.72
4177, 0.72
4178, 0.45
4179, 0.74
4180, 0.61
4181, 0.35
4182, 0.57
4183, 0.61
4184, 0.63
4185, 0.56
4186, 0.62
4187, 0.58
4188, 0.71
4189, 0.58
4190, 0.31
4191, 0.59
4192, 0.51
4193, 0.74
4194, 0.52
4195, 0.47
4196, 0.62
4197, 0.53
4198, 0.65
4199, 0.59
4200, 0.56
4201, 0.28
4202, 0.61
4203, 0.53
4204, 0.61
4205, 0.24
4206, 0.66
4207, 0.48
4208, 0.65
4209, 0.48
4210, 0.56
4211, 0.59
4212, 0.59
4213, 0.55
4214, 0.52
4215, 0.57
4216, 0.76
4217, 0.46
4218, 0.62
4219, 0.73
4220, 0.64
4221, 0.66
4222, 0.61
4223, 0.29
4224, 0.55
4225, 0.51
4226, 0.50
4227, 0.55
4228, 0.56
4229, 0.61
4230, 0.60
4231, 0.60
4232, 0.55
4233, 0.70
4234, 0.60
4235, 0.39
4236, 0.66
4237, 0.53
4238, 0.47
4239, 0.76
4240, 0.65
4241, 0.61
4242, 0.75
4243, 0.60
4244, 0.62
4245, 0.54
4246, 0.52
4247, 0.76
4248, 0.59
4249, 0.70
4250, 0.51
4251, 0.60
4252, 0.75
4253, 0.55
4254, 0.52
4255, 0.69
4256, 0.65
4257, 0.53
4258, 0.50
4259, 0.59
4260, 0.73
4261, 0.67
4262, 0.50
4263, 0.49
4264, 0.63
4265, 0.62
4266, 0.76
4267, 0.60
4268, 0.75
4269, 0.63
4270, 0.61
4271, 0.47
4272, 0.26
4273, 0.56
4274, 0.47
4275, 0.67
4276, 0.60
4277, 0.45
4278, 0.33
4279, 0.48
4280, 0.65
4281, 0.37
4282, 0.69
4283, 0.62
4284, 0.51
4285, 0.73
4286, 0.54
4287, 0.50
4288, 0.62
4289, 0.57
4290, 0.52
4291, 0.50
4292, 0.51
4293, 0.63
4294, 0.67
4295, 0.67
4296, 0.63
4297, 0.56
4298, 0.49
4299, 0.42
4300, 0.55
4301, 0.53
4302, 0.55
4303, 0.70
4304, 0.63
4305, 0.77
4306, 0.70
4307, 0.59
4308, 0.51
4309, 0.56
4310, 0.63
4311, 0.34
4312, 0.38
4313, 0.64
4314, 0.48
4315, 0.60
4316, 0.58
4317, 0.24
4318, 0.58
4319, 0.47
4320, 0.58
4321, 0.74
4322, 0.47
4323, 0.74
4324, 0.54
4325, 0.63
4326, 0.60
4327, 0.54
4328, 0.68
4329, 0.69
4330, 0.57
4331, 0.27
4332, 0.69
4333, 0.75
4334, 0.56
4335, 0.70
4336, 0.59
4337, 0.52
4338, 0.60
4339, 0.76
4340, 0.70
4341, 0.43
4342, 0.59
4343, 0.47
4344, 0.53
4345, 0.55
4346, 0.56
4347, 0.53
4348, 0.47
4349, 0.56
4350, 0.59
4351, 0.63
4352, 0.44
4353, 0.73
4354, 0.49
4355, 0.57
4356, 0.53
4357, 0.60
4358, 0.57
4359, 0.54
4360, 0.36
4361, 0.58
4362, 0.64
4363, 0.71
4364, 0.37
4365, 0.66
4366, 0.54
4367, 0.72
4368, 0.56
4369, 0.69
4370, 0.64
4371, 0.57
4372, 0.65
4373, 0.49
4374, 0.55
4375, 0.50
4376, 0.62
4377, 0.61
4378, 0.33
4379, 0.66
4380, 0.61
4381, 0.39
4382, 0.60
4383, 0.49
4384, 0.58
4385, 0.53
4386, 0.69
4387, 0.62
4388, 0.75
4389, 0.73
4390, 0.45
4391, 0.51
4392, 0.65
4393, 0.44
4394, 0.61
4395, 0.63
4396, 0.65
4397, 0.63
4398, 0.49
4399, 0.52
4400, 0.72
4401, 0.47
4402, 0.65
4403, 0.58
4404, 0.37
4405, 0.63
4406, 0.54
4407, 0.28
4408, 0.76
4409, 0.49
4410, 0.57
4411, 0.54
4412, 0.56
4413, 0.71
4414, 0.48
4415, 0.48
4416, 0.59
4417, 0.47
4418, 0.49
4419, 0.60
4420, 0.58
4421, 0.26
4422, 0.60
4423, 0.54
4424, 0.76
4425, 0.66
4426, 0.56
4427, 0.47
4428, 0.45
4429, 0.64
4430, 0.44
4431, 0.53
4432, 0.62
4433, 0.62
4434, 0.58
4435, 0.52
4436, 0.63
4437, 0.60
4438, 0.55
4439, 0.77
4440, 0.55
4441, 0.53
4442, 0.61
4443, 0.61
4444, 0.25
4445, 0.32
4446, 0.53
4447, 0.70
4448, 0.64
4449, 0.61
4450, 0.53
4451, 0.54
4452, 0.53
4453, 0.66
4454, 0.55
4455, 0.54
4456, 0.51
4457, 0.52
4458, 0.77
4459, 0.56
4460, 0.53
4461, 0.58
4462, 0.28
4463, 0.30
4464, 0.29
4465, 0.54
4466, 0.49
4467, 0.55
4468, 0.59
4469, 0.70
4470, 0.70
4471, 0.46
4472, 0.51
4473, 0.56
4474, 0.30
4475, 0.69
4476, 0.71
4477, 0.60
4478, 0.77
4479, 0.60
4480, 0.59
4481, 0.60
4482, 0.56
4483, 0.66
4484, 0.37
4485, 0.49
4486, 0.55
4487, 0.54
4488, 0.63
4489, 0.62
4490, 0.50
4491, 0.66
4492, 0.59
4493, 0.61
4494, 0.52
4495, 0.76
4496, 0.56
4497, 0.59
4498, 0.74
4499, 0.55
4500, 0.45
4501, 0.71
4502, 0.73
4503, 0.57
4504, 0.57
4505, 0.44
4506, 0.61
4507, 0.52
4508, 0.67
4509, 0.63
4510, 0.60
4511, 0.59
4512, 0.60
4513, 0.55
4514, 0.64
4515, 0.55
4516, 0.53
4517, 0.69
4518, 0.57
4519, 0.58
4520, 0.52
4521, 0.49
4522, 0.45
4523, 0.74
4524, 0.57
4525, 0.49
4526, 0.44
4527, 0.76
4528, 0.54
4529, 0.57
4530, 0.50
4531, 0.58
4532, 0.44
4533, 0.55
4534, 0.56
4535, 0.65
4536, 0.67
4537, 0.76
4538, 0.65
4539, 0.51
4540, 0.57
4541, 0.71
4542, 0.44
4543, 0.57
4544, 0.55
4545, 0.75
4546, 0.49
4547, 0.53
4548, 0.67
4549, 0.54
4550, 0.57
4551, 0.50
4552, 0.63
4553, 0.74
4554, 0.67
4555, 0.64
4556, 0.67
4557, 0.62
4558, 0.48
4559, 0.62
4560, 0.60
4561, 0.53
4562, 0.58
4563, 0.75
4564, 0.74
4565, 0.61
4566, 0.66
4567, 0.71
4568, 0.72
4569, 0.70
4570, 0.53
4571, 0.61
4572, 0.50
4573, 0.68
4574, 0.31
4575, 0.68
4576, 0.72
4577, 0.58
4578, 0.28
4579, 0.54
4580, 0.48
4581, 0.69
4582, 0.72
4583, 0.63
4584, 0.65
4585, 0.73
4586, 0.55
4587, 0.76
4588, 0.64
4589, 0.51
4590, 0.54
4591, 0.59
4592, 0.55
4593, 0.47
4594, 0.46
4595, 0.67
4596, 0.68
4597, 0.41
4598, 0.57
4599, 0.69
4600, 0.55
4601, 0.47
4602, 0.69
4603, 0.60
4604, 0.42
4605, 0.60
4606, 0.52
4607, 0.48
4608, 0.33
4609, 0.38
4610, 0.27
4611, 0.62
4612, 0.58
4613, 0.54
4614, 0.50
4615, 0.51
4616, 0.63
4617, 0.73
4618, 0.73
4619, 0.28
4620, 0.54
4621, 0.55
4622, 0.72
4623, 0.72
4624, 0.56
4625, 0.44
4626, 0.72
4627, 0.46
4628, 0.48
4629, 0.74
4630, 0.59
4631, 0.53
4632, 0.63
4633, 0.54
4634, 0.65
4635, 0.27
4636, 0.76
4637, 0.57
4638, 0.52
4639, 0.76
4640, 0.77
4641, 0.53
4642, 0.48
4643, 0.72
4644, 0.60
4645, 0.48
4646, 0.42
4647, 0.68
4648, 0.60
4649, 0.74
4650, 0.49
4651, 0.69
4652, 0.39
4653, 0.55
4654, 0.57
4655, 0.57
4656, 0.67
4657, 0.58
4658, 0.38
4659, 0.50
4660, 0.66
4661, 0.45
4662, 0.46
4663, 0.47
4664, 0.72
4665, 0.59
4666, 0.58
4667, 0.72
4668, 0.57
4669, 0.69
4670, 0.58
4671, 0.49
4672, 0.70
4673, 0.45
4674, 0.75
4675, 0.30
4676, 0.59
4677, 0.64
4678, 0.45
4679, 0.49
4680, 0.62
4681, 0.27
4682, 0.76
4683, 0.73
4684, 0.72
4685, 0.71
4686, 0.55
4687, 0.48
4688, 0.26
4689, 0.68
4690, 0.73
4691, 0.37
4692, 0.64
4693, 0.66
4694, 0.58
4695, 0.65
4696, 0.51
4697, 0.30
4698, 0.50
4699, 0.64
4700, 0.72
4701, 0.65
4702, 0.60
4703, 0.60
4704, 0.56
4705, 0.61
4706, 0.54
4707, 0.59
4708, 0.73
4709, 0.50
4710, 0.58
4711, 0.66
4712, 0.52
4713, 0.66
4714, 0.56
4715, 0.53
4716, 0.68
4717, 0.57
4718, 0.76
4719, 0.76
4720, 0.34
4721, 0.68
4722, 0.55
4723, 0.63
4724, 0.63
4725, 0.48
4726, 0.48
4727, 0.60
4728, 0.70
4729, 0.53
4730, 0.53
4731, 0.63
4732, 0.62
4733, 0.59
4734, 0.52
4735, 0.65
4736, 0.55
4737, 0.66
4738, 0.49
4739, 0.59
4740, 0.51
4741, 0.63
4742, 0.63
4743, 0.69
4744, 0.51
4745, 0.59
4746, 0.68
4747, 0.62
4748, 0.58
4749, 0.75
4750, 0.62
4751, 0.39
4752, 0.53
4753, 0.60
4754, 0.62
4755, 0.70
4756, 0.64
4757, 0.66
4758, 0.53
4759, 0.58
4760, 0.63
4761, 0.32
4762, 0.76
4763, 0.51
4764, 0.46
4765, 0.35
4766, 0.51
4767, 0.64
4768, 0.61
4769, 0.59
4770, 0.62
4771, 0.77
4772, 0.64
4773, 0.62
4774, 0.62
4775, 0.48
4776, 0.60
4777, 0.52
4778, 0.73
4779, 0.62
4780, 0.62
4781, 0.75
4782, 0.60
4783, 0.77
4784, 0.75
4785, 0.77
4786, 0.61
4787, 0.74
4788, 0.52
4789, 0.63
4790, 0.60
4791, 0.65
4792, 0.62
4793, 0.44
4794, 0.56
4795, 0.71
4796, 0.47
4797, 0.65
4798, 0.51
4799, 0.61
4800, 0.50
4801, 0.54
4802, 0.51
4803, 0.55
4804, 0.62
4805, 0.56
4806, 0.62
4807, 0.39
4808, 0.64
4809, 0.53
4810, 0.70
4811, 0.48
4812, 0.56
4813, 0.55
4814, 0.52
4815, 0.61
4816, 0.54
4817, 0.42
4818, 0.60
4819, 0.50
4820, 0.71
4821, 0.54
4822, 0.49
4823, 0.46
4824, 0.65
4825, 0.47
4826, 0.38
4827, 0.59
4828, 0.61
4829, 0.71
4830, 0.66
4831, 0.49
4832, 0.31
4833, 0.74
4834, 0.57
4835, 0.64
4836, 0.72
4837, 0.31
4838, 0.48
4839, 0.45
4840, 0.62
4841, 0.61
4842, 0.52
4843, 0.59
4844, 0.64
4845, 0.50
4846, 0.72
4847, 0.54
4848, 0.76
4849, 0.56
4850, 0.57
4851, 0.24
4852, 0.65
4853, 0.56
4854, 0.49
4855, 0.55
4856, 0.45
4857, 0.69
4858, 0.59
4859, 0.51
4860, 0.69
4861, 0.50
4862, 0.57
4863, 0.62
4864, 0.73
4865, 0.30
4866, 0.71
4867, 0.66
4868, 0.47
4869, 0.63
4870, 0.35
4871, 0.52
4872, 0.57
4873, 0.62
4874, 0.56
4875, 0.66
4876, 0.56
4877, 0.76
4878, 0.57
4879, 0.51
4880, 0.65
4881, 0.59
4882, 0.74
4883, 0.76
4884, 0.54
4885, 0.48
4886, 0.65
4887, 0.62
4888, 0.54
4889, 0.68
4890, 0.63
4891, 0.64
4892, 0.51
4893, 0.48
4894, 0.45
4895, 0.63
4896, 0.62
4897, 0.70
4898, 0.65
4899, 0.66
4900, 0.66
4901, 0.57
4902, 0.61
4903, 0.58
4904, 0.59
4905, 0.65
4906, 0.74
4907, 0.61
4908, 0.51
4909, 0.56
4910, 0.55
4911, 0.57
4912, 0.77
4913, 0.57
4914, 0.61
4915, 0.76
4916, 0.76
4917, 0.55
4918, 0.67
4919, 0.50
4920, 0.51
4921, 0.50
4922, 0.51
4923, 0.75
4924, 0.60
4925, 0.62
4926, 0.50
4927, 0.63
4928, 0.58
4929, 0.56
4930, 0.70
4931, 0.66
4932, 0.57
4933, 0.62
4934, 0.28
4935, 0.61
4936, 0.57
4937, 0.69
4938, 0.67
4939, 0.50
4940, 0.68
4941, 0.66
4942, 0.61
4943, 0.60
4944, 0.76
4945, 0.34
4946, 0.59
4947, 0.57
4948, 0.54
4949, 0.59
4950, 0.64
4951, 0.61
4952, 0.64
4953, 0.61
4954, 0.51
4955, 0.52
4956, 0.55
4957, 0.59
4958, 0.59
4959, 0.46
4960, 0.65
4961, 0.74
4962, 0.46
4963, 0.53
4964, 0.68
4965, 0.57
4966, 0.62
4967, 0.50
4968, 0.39
4969, 0.71
4970, 0.51
4971, 0.59
4972, 0.29
4973, 0.55
4974, 0.50
4975, 0.61
4976, 0.51
4977, 0.66
4978, 0.48
4979, 0.53
4980, 0.42
4981, 0.49
4982, 0.60
4983, 0.70
4984, 0.53
4985, 0.60
4986, 0.55
4987, 0.54
4988, 0.77
4989, 0.62
4990, 0.46
4991, 0.68
4992, 0.44
4993, 0.62
4994, 0.55
4995, 0.61
4996, 0.50
4997, 0.49
4998, 0.54
4999, 0.62
5000, 0.76
5001, 0.47
5002, 0.62
5003, 0.67
5004, 0.50
5005, 0.46
5006, 0.60
5007, 0.53
5008, 0.63
5009, 0.54
5010, 0.59
5011, 0.48
5012, 0.62
5013, 0.61
5014, 0.72
5015, 0.26
5016, 0.51
5017, 0.31
5018, 0.69
5019, 0.37
5020, 0.58
5021, 0.50
5022, 0.60
5023, 0.73
5024, 0.58
5025, 0.63
5026, 0.61
5027, 0.60
5028, 0.60
5029, 0.45
5030, 0.49
5031, 0.58
5032, 0.35
5033, 0.62
5034, 0.46
5035, 0.43
5036, 0.61
5037, 0.56
5038, 0.64
5039, 0.58
5040, 0.63
5041, 0.45
5042, 0.74
5043, 0.44
5044, 0.66
5045, 0.54
5046, 0.65
5047, 0.52
5048, 0.50
5049, 0.54
5050, 0.55
5051, 0.48
5052, 0.49
5053, 0.76
5054, 0.61
5055, 0.55
5056, 0.33
5057, 0.46
5058, 0.56
5059, 0.73
5060, 0.76
5061, 0.51
5062, 0.63
5063, 0.63
5064, 0.56
5065, 0.45
5066, 0.42
5067, 0.62
5068, 0.68
5069, 0.57
5070, 0.67
5071, 0.63
5072, 0.56
5073, 0.69
5074, 0.33
5075, 0.57
5076, 0.57
5077, 0.58
5078, 0.70
5079, 0.74
5080, 0.60
5081, 0.28
5082, 0.30
5083, 0.55
5084, 0.66
5085, 0.74
5086, 0.61
5087, 0.52
5088, 0.69
5089, 0.74
5090, 0.33
5091, 0.57
5092, 0.55
5093, 0.60
5094, 0.33
5095, 0.57
5096, 0.34
5097, 0.51
5098, 0.52
5099, 0.65
5100, 0.71
5101, 0.63
5102, 0.51
5103, 0.63
5104, 0.70
5105, 0.65
5106, 0.59
5107, 0.68
5108, 0.56
5109, 0.76
5110, 0.48
5111, 0.62
5112, 0.32
5113, 0.48
5114, 0.56
5115, 0.55
5116, 0.57
5117, 0.55
5118, 0.52
5119, 0.54
5120, 0.67
5121, 0.68
5122, 0.62
5123, 0.51
5124, 0.54
5125, 0.67
5126, 0.60
5127, 0.47
5128, 0.63
5129, 0.64
5130, 0.54
5131, 0.45
5132, 0.55
5133, 0.58
5134, 0.49
5135, 0.58
5136, 0.48
5137, 0.70
5138, 0.66
5139, 0.54
5140, 0.66
5141, 0.60
5142, 0.77
5143, 0.50
5144, 0.55
5145, 0.74
5146, 0.66
5147, 0.61
5148, 0.68
5149, 0.48
5150, 0.56
5151, 0.61
5152, 0.45
5153, 0.63
5154, 0.54
5155, 0.49
5156, 0.51
5157, 0.68
5158, 0.61
5159, 0.65
5160, 0.57
5161, 0.62
5162, 0.66
5163, 0.52
5164, 0.65
5165, 0.54
5166, 0.51
5167, 0.55
5168, 0.52
5169, 0.67
5170, 0.70
5171, 0.56
5172, 0.50
5173, 0.55
5174, 0.36
5175, 0.52
5176, 0.75
5177, 0.66
5178, 0.67
5179, 0.55
5180, 0.68
5181, 0.76
5182, 0.51
5183, 0.51
5184, 0.75
5185, 0.75
5186, 0.63
5187, 0.52
5188, 0.49
5189, 0.51
5190, 0.56
5191, 0.57
5192, 0.65
5193, 0.52
5194, 0.58
5195, 0.76
5196, 0.50
5197, 0.50
5198, 0.60
5199, 0.50
5200, 0.76
5201, 0.62
5202, 0.57
5203, 0.64
5204, 0.44
5205, 0.61
5206, 0.62
5207, 0.75
5208, 0.54
5209, 0.63
5210, 0.61
5211, 0.57
5212, 0.60
5213, 0.65
5214, 0.54
5215, 0.50
5216, 0.50
5217, 0.62
5218, 0.48
5219, 0.58
5220, 0.71
5221, 0.48
5222, 0.57
5223, 0.59
5224, 0.69
5225, 0.40
5226, 0.45
5227, 0.47
5228, 0.58
5229, 0.46
5230, 0.39
5231, 0.53
5232, 0.66
5233, 0.68
5234, 0.46
5235, 0.69
5236, 0.38
5237, 0.56
5238, 0.48
5239, 0.51
5240, 0.65
5241, 0.54
5242, 0.48
5243, 0.49
5244, 0.75
5245, 0.50
5246, 0.69
5247, 0.68
5248, 0.35
5249, 0.49
5250, 0.55
5251, 0.58
5252, 0.70
5253, 0.53
5254, 0.48
5255, 0.51
5256, 0.71
5257, 0.25
5258, 0.62
5259, 0.59
5260, 0.70
5261, 0.75
5262, 0.58
5263, 0.68
5264, 0.61
5265, 0.62
5266, 0.64
5267, 0.75
5268, 0.54
5269, 0.67
5270, 0.59
5271, 0.55
5272, 0.75
5273, 0.58
5274, 0.73
5275, 0.64
5276, 0.63
5277, 0.62
5278, 0.36
5279, 0.62
5280, 0.36
5281, 0.75
5282, 0.54
5283, 0.72
5284, 0.69
5285, 0.59
5286, 0.44
5287, 0.66
5288, 0.73
5289, 0.61
5290, 0.58
5291, 0.75
5292, 0.53
5293, 0.34
5294, 0.25
5295, 0.44
5296, 0.50
5297, 0.62
5298, 0.48
5299, 0.71
5300, 0.56
5301, 0.65
5302, 0.67
5303, 0.56
5304, 0.64
5305, 0.50
5306, 0.57
5307, 0.59
5308, 0.68
5309, 0.68
5310, 0.56
5311, 0.51
5312, 0.57
5313, 0.63
5314, 0.70
5315, 0.70
5316, 0.60
5317, 0.25
5318, 0.60
5319, 0.75
5320, 0.72
5321, 0.65
5322, 0.57
5323, 0.57
5324, 0.53
5325, 0.63
5326, 0.52
5327, 0.62
5328, 0.52
5329, 0.55
5330, 0.51
5331, 0.55
5332, 0.24
5333, 0.35
5334, 0.52
5335, 0.63
5336, 0.66
5337, 0.58
5338, 0.54
5339, 0.46
5340, 0.24
5341, 0.63
5342, 0.58
5343, 0.54
5344, 0.48
5345, 0.40
5346, 0.59
5347, 0.66
5348, 0.72
5349, 0.57
5350, 0.58
5351, 0.74
5352, 0.63
5353, 0.69
5354, 0.56
5355, 0.52
5356, 0.74
5357, 0.60
5358, 0.55
5359, 0.56
5360, 0.54
5361, 0.54
5362, 0.70
5363, 0.64
5364, 0.56
5365, 0.58
5366, 0.57
5367, 0.75
5368, 0.58
5369, 0.38
5370, 0.76
5371, 0.58
5372, 0.52
5373, 0.32
5374, 0.39
5375, 0.71
5376, 0.49
5377, 0.73
5378, 0.70
5379, 0.57
5380, 0.34
5381, 0.33
5382, 0.57
5383, 0.61
5384, 0.66
5385, 0.59
5386, 0.64
5387, 0.57
5388, 0.27
5389, 0.67
5390, 0.60
5391, 0.66
5392, 0.59
5393, 0.69
5394, 0.65
5395, 0.52
5396, 0.75
5397, 0.63
5398, 0.39
5399, 0.60
5400, 0.65
5401, 0.50
5402, 0.62
5403, 0.57
5404, 0.53
5405, 0.48
5406, 0.61
5407, 0.54
5408, 0.37
5409, 0.61
5410, 0.50
5411, 0.55
5412, 0.72
5413, 0.61
5414, 0.70
5415, 0.62
5416, 0.67
5417, 0.57
5418, 0.45
5419, 0.74
5420, 0.36
5421, 0.60
5422, 0.64
5423, 0.66
5424, 0.54
5425, 0.66
5426, 0.64
5427, 0.58
5428, 0.66
5429, 0.69
5430, 0.54
5431, 0.58
5432, 0.63
5433, 0.52
5434, 0.72
5435, 0.42
5436, 0.60
5437, 0.62
5438, 0.46
5439, 0.57
5440, 0.58
5441, 0.70
5442, 0.69
5443, 0.54
5444, 0.62
5445, 0.60
5446, 0.74
5447, 0.66
5448, 0.61
5449, 0.55
5450, 0.36
5451, 0.63
5452, 0.53
5453, 0.74
5454, 0.69
5455, 0.74
5456, 0.67
5457, 0.71
5458, 0.68
5459, 0.70
5460, 0.66
5461, 0.65
5462, 0.54
5463, 0.65
5464, 0.54
5465, 0.55
5466, 0.38
5467, 0.64
5468, 0.52
5469, 0.59
5470, 0.51
5471, 0.61
5472, 0.73
5473, 0.56
5474, 0.59
5475, 0.29
5476, 0.64
5477, 0.69
5478, 0.64
5479, 0.76
5480, 0.53
5481, 0.68
5482, 0.50
5483, 0.52
5484, 0.38
5485, 0.48
5486, 0.68
5487, 0.73
5488, 0.45
5489, 0.57
5490, 0.77
5491, 0.61
5492, 0.46
5493, 0.63
5494, 0.63
5495, 0.40
5496, 0.77
5497, 0.56
5498, 0.38
5499, 0.55
5500, 0.76
5501, 0.65
5502, 0.63
5503, 0.63
5504, 0.65
5505, 0.68
5506, 0.68
5507, 0.65
5508, 0.57
5509, 0.59
5510, 0.70
5511, 0.62
5512, 0.59
5513, 0.57
5514, 0.70
5515, 0.61
5516, 0.68
5517, 0.69
5518, 0.49
5519, 0.60
5520, 0.66
5521, 0.32
5522, 0.34
5523, 0.61
5524, 0.77
5525, 0.61
5526, 0.59
5527, 0.51
5528, 0.53
5529, 0.61
5530, 0.29
5531, 0.69
5532, 0.61
5533, 0.66
5534, 0.50
5535, 0.66
5536, 0.31
5537, 0.73
5538, 0.76
5539, 0.57
5540, 0.44
5541, 0.52
5542, 0.72
5543, 0.51
5544, 0.75
5545, 0.47
5546, 0.65
5547, 0.51
5548, 0.58
5549, 0.49
5550, 0.48
5551, 0.34
5552, 0.64
5553, 0.57
5554, 0.67
5555, 0.59
5556, 0.64
5557, 0.59
5558, 0.64
5559, 0.65
5560, 0.62
5561, 0.47
5562, 0.67
5563, 0.65
5564, 0.55
5565, 0.48
5566, 0.46
5567, 0.26
5568, 0.53
5569, 0.71
5570, 0.50
5571, 0.52
5572, 0.75
5573, 0.74
5574, 0.57
5575, 0.60
5576, 0.47
5577, 0.49
5578, 0.67
5579, 0.55
5580, 0.59
5581, 0.52
5582, 0.55
5583, 0.68
5584, 0.60
5585, 0.66
5586, 0.58
5587, 0.47
5588, 0.60
5589, 0.72
5590, 0.60
5591, 0.61
5592, 0.57
5593, 0.55
5594, 0.73
5595, 0.66
5596, 0.31
5597, 0.52
5598, 0.61
5599, 0.77
5600, 0.61
5601, 0.69
5602, 0.64
5603, 0.64
5604, 0.57
5605, 0.69
5606, 0.53
5607, 0.64
5608, 0.46
5609, 0.51
5610, 0.51
5611, 0.69
5612, 0.68
5613, 0.50
5614, 0.58
5615, 0.45
5616, 0.31
5617, 0.53
5618, 0.32
5619, 0.54
5620, 0.56
5621, 0.76
5622, 0.52
5623, 0.59
5624, 0.60
5625, 0.62
5626, 0.60
5627, 0.68
5628, 0.55
5629, 0.30
5630, 0.56
5631, 0.69
5632, 0.60
5633, 0.76
5634, 0.64
5635, 0.74
5636, 0.44
5637, 0.50
5638, 0.68
5639, 0.56
5640, 0.60
5641, 0.56
5642, 0.69
5643, 0.62
5644, 0.75
5645, 0.49
5646, 0.49
5647, 0.49
5648, 0.54
5649, 0.66
5650, 0.57
5651, 0.59
5652, 0.68
5653, 0.48
5654, 0.47
5655, 0.38
5656, 0.33
5657, 0.58
5658, 0.76
5659, 0.49
5660, 0.70
5661, 0.59
5662, 0.65
5663, 0.59
5664, 0.71
5665, 0.61
5666, 0.71
5667, 0.66
5668, 0.54
5669, 0.62
5670, 0.62
5671, 0.65
5672, 0.67
5673, 0.47
5674, 0.50
5675, 0.77
5676, 0.60
5677, 0.60
5678, 0.61
5679, 0.64
5680, 0.30
5681, 0.51
5682, 0.64
5683, 0.60
5684, 0.76
5685, 0.60
5686, 0.57
5687, 0.68
5688, 0.53
5689, 0.49
5690, 0.30
5691, 0.68
5692, 0.66
5693, 0.53
5694, 0.60
5695, 0.26
5696, 0.50
5697, 0.65
5698, 0.59
5699, 0.51
5700, 0.50
5701, 0.76
5702, 0.60
5703, 0.73
5704, 0.69
5705, 0.76
5706, 0.66
5707, 0.47
5708, 0.54
5709, 0.59
5710, 0.72
5711, 0.52
5712, 0.62
5713, 0.28
5714, 0.50
5715, 0.67
5716, 0.65
5717, 0.62
5718, 0.61
5719, 0.48
5720, 0.61
5721, 0.65
5722, 0.58
5723, 0.32
5724, 0.53
5725, 0.60
5726, 0.67
5727, 0.45
5728, 0.60
5729, 0.49
5730, 0.69
5731, 0.67
5732, 0.55
5733, 0.72
5734, 0.54
5735, 0.61
5736, 0.75
5737, 0.66
5738, 0.56
5739, 0.66
5740, 0.48
5741, 0.64
5742, 0.57
5743, 0.60
5744, 0.46
5745, 0.67
5746, 0.53
5747, 0.63
5748, 0.52
5749, 0.71
5750, 0.67
5751, 0.70
5752, 0.50
5753, 0.36
5754, 0.63
5755, 0.62
5756, 0.69
5757, 0.61
5758, 0.45
5759, 0.55
5760, 0.55
5761, 0.63
5762, 0.54
5763, 0.64
5764, 0.56
5765, 0.63
5766, 0.56
5767, 0.54
5768, 0.50
5769, 0.75
5770, 0.50
5771, 0.34
5772, 0.52
5773, 0.61
5774, 0.61
5775, 0.58
5776, 0.56
5777, 0.63
5778, 0.50
5779, 0.54
5780, 0.67
5781, 0.53
5782, 0.47
5783, 0.60
5784, 0.49
5785, 0.59
5786, 0.74
5787, 0.66
5788, 0.69
5789, 0.49
5790, 0.74
5791, 0.47
5792, 0.61
5793, 0.61
5794, 0.49
5795, 0.55
5796, 0.45
5797, 0.32
5798, 0.67
5799, 0.41
5800, 0.26
5801, 0.44
5802, 0.66
5803, 0.50
5804, 0.70
5805, 0.76
5806, 0.64
5807, 0.62
5808, 0.45
5809, 0.52
5810, 0.42
5811, 0.61
5812, 0.59
5813, 0.67
5814, 0.62
5815, 0.36
5816, 0.66
5817, 0.47
5818, 0.50
5819, 0.46
5820, 0.66
5821, 0.64
5822, 0.50
5823, 0.59
5824, 0.75
5825, 0.69
5826, 0.73
5827, 0.52
5828, 0.55
5829, 0.58
5830, 0.52
5831, 0.56
5832, 0.57
5833, 0.68
5834, 0.65
5835, 0.49
5836, 0.47
5837, 0.65
5838, 0.60
5839, 0.40
5840, 0.54
5841, 0.54
5842, 0.61
5843, 0.56
5844, 0.58
5845, 0.73
5846, 0.47
5847, 0.51
5848, 0.57
5849, 0.50
5850, 0.53
5851, 0.57
5852, 0.68
5853, 0.50
5854, 0.25
5855, 0.64
5856, 0.61
5857, 0.58
5858, 0.54
5859, 0.58
5860, 0.62
5861, 0.26
5862, 0.54
5863, 0.55
5864, 0.72
5865, 0.69
5866, 0.66
5867, 0.76
5868, 0.30
5869, 0.49
5870, 0.50
5871, 0.64
5872, 0.65
5873, 0.73
5874, 0.61
5875, 0.54
5876, 0.53
5877, 0.73
5878, 0.53
5879, 0.60
5880, 0.51
5881, 0.50
5882, 0.45
5883, 0.71
5884, 0.72
5885, 0.60
5886, 0.59
5887, 0.59
5888, 0.56
5889, 0.57
5890, 0.68
5891, 0.50
5892, 0.53
5893, 0.55
5894, 0.60
5895, 0.64
5896, 0.63
5897, 0.65
5898, 0.64
5899, 0.54
5900, 0.60
5901, 0.52
5902, 0.63
5903, 0.62
5904, 0.51
5905, 0.59
5906, 0.67
5907, 0.60
5908, 0.48
5909, 0.50
5910, 0.77
5911, 0.42
5912, 0.49
5913, 0.53
5914, 0.60
5915, 0.49
5916, 0.48
5917, 0.60
5918, 0.51
5919, 0.60
5920, 0.56
5921, 0.61
5922, 0.61
5923, 0.71
5924, 0.50
5925, 0.55
5926, 0.65
5927, 0.49
5928, 0.60
5929, 0.66
5930, 0.65
5931, 0.57
5932, 0.62
5933, 0.77
5934, 0.53
5935, 0.49
5936, 0.47
5937, 0.70
5938, 0.67
5939, 0.28
5940, 0.49
5941, 0.76
5942, 0.60
5943, 0.50
5944, 0.71
5945, 0.73
5946, 0.62
5947, 0.57
5948, 0.61
5949, 0.66
5950, 0.50
5951, 0.68
5952, 0.58
5953, 0.50
5954, 0.69
5955, 0.52
5956, 0.54
5957, 0.60
5958, 0.37
5959, 0.57
5960, 0.59
5961, 0.67
5962, 0.61
5963, 0.66
5964, 0.53
5965, 0.55
5966, 0.57
5967, 0.60
5968, 0.60
5969, 0.60
5970, 0.58
5971, 0.57
5972, 0.71
5973, 0.54
5974, 0.56
5975, 0.59
5976, 0.25
5977, 0.52
5978, 0.62
5979, 0.57
5980, 0.67
5981, 0.67
5982, 0.59
5983, 0.61
5984, 0.54
5985, 0.62
5986, 0.65
5987, 0.55
5988, 0.70
5989, 0.53
5990, 0.76
5991, 0.75
5992, 0.68
5993, 0.67
5994, 0.65
5995, 0.76
5996, 0.59
5997, 0.57
5998, 0.56
5999, 0.58
6000, 0.76
6001, 0.59
6002, 0.55
6003, 0.71
6004, 0.31
6005, 0.39
6006, 0.52
6007, 0.51
6008, 0.57
6009, 0.66
6010, 0.56
6011, 0.56
6012, 0.66
6013, 0.49
6014, 0.63
6015, 0.62
6016, 0.50
6017, 0.62
6018, 0.61
6019, 0.66
6020, 0.55
6021, 0.58
6022, 0.47
6023, 0.43
6024, 0.60
6025, 0.47
6026, 0.50
6027, 0.73
6028, 0.63
6029, 0.55
6030, 0.38
6031, 0.51
6032, 0.75
6033, 0.58
6034, 0.41
6035, 0.54
6036, 0.77
6037, 0.58
6038, 0.62
6039, 0.57
6040, 0.43
6041, 0.27
6042, 0.58
6043, 0.64
6044, 0.68
6045, 0.55
6046, 0.70
6047, 0.70
6048, 0.65
6049, 0.47
6050, 0.75
6051, 0.56
6052, 0.60
6053, 0.69
6054, 0.64
6055, 0.47
6056, 0.51
6057, 0.62
6058, 0.74
6059, 0.55
6060, 0.57
6061, 0.70
6062, 0.66
6063, 0.51
6064, 0.60
6065, 0.57
6066, 0.62
6067, 0.60
6068, 0.61
6069, 0.52
6070, 0.65
6071, 0.75
6072, 0.55
6073, 0.72
6074, 0.48
6075, 0.48
6076, 0.50
6077, 0.55
6078, 0.38
6079, 0.50
6080, 0.58
6081, 0.63
6082, 0.56
6083, 0.63
6084, 0.63
6085, 0.40
6086, 0.50
6087, 0.60
6088, 0.48
6089, 0.62
6090, 0.27
6091, 0.63
6092, 0.56
6093, 0.69
6094, 0.58
6095, 0.29
6096, 0.69
6097, 0.34
6098, 0.62
6099, 0.65
6100, 0.69
6101, 0.53
6102, 0.48
6103, 0.73
6104, 0.44
6105, 0.52
6106, 0.70
6107, 0.56
6108, 0.47
6109, 0.50
6110, 0.54
6111, 0.55
6112, 0.50
6113, 0.55
6114, 0.65
6115, 0.54
6116, 0.67
6117, 0.59
6118, 0.59
6119, 0.59
6120, 0.26
6121, 0.70
6122, 0.44
6123, 0.49
6124, 0.41
6125, 0.65
6126, 0.65
6127, 0.64
6128, 0.60
6129, 0.64
6130, 0.61
6131, 0.75
6132, 0.55
6133, 0.68
6134, 0.47
6135, 0.59
6136, 0.65
6137, 0.69
6138, 0.56
6139, 0.69
6140, 0.68
6141, 0.71
6142, 0.75
6143, 0.50
6144, 0.56
6145, 0.65
6146, 0.62
6147, 0.53
6148, 0.60
6149, 0.47
6150, 0.67
6151, 0.58
6152, 0.47
6153, 0.46
6154, 0.77
6155, 0.27
6156, 0.48
6157, 0.56
6158, 0.55
6159, 0.49
6160, 0.54
6161, 0.47
6162, 0.68
6163, 0.52
6164, 0.58
6165, 0.65
6166, 0.71
6167, 0.59
6168, 0.58
6169, 0.48
6170, 0.61
6171, 0.76
6172, 0.56
6173, 0.59
6174, 0.49
6175, 0.52
6176, 0.64
6177, 0.55
6178, 0.49
6179, 0.38
6180, 0.39
6181, 0.51
6182, 0.53
6183, 0.68
6184, 0.56
6185, 0.65
6186, 0.60
6187, 0.63
6188, 0.37
6189, 0.75
6190, 0.67
6191, 0.62
6192, 0.63
6193, 0.70
6194, 0.49
6195, 0.70
6196, 0.61
6197, 0.75
6198, 0.55
6199, 0.69
6200, 0.63
6201, 0.68
6202, 0.48
6203, 0.48
6204, 0.74
6205, 0.58
6206, 0.76
6207, 0.56
6208, 0.58
6209, 0.54
6210, 0.51
6211, 0.66
6212, 0.51
6213, 0.47
6214, 0.71
6215, 0.57
6216, 0.46
6217, 0.50
6218, 0.24
6219, 0.77
6220, 0.60
6221, 0.58
6222, 0.56
6223, 0.74
6224, 0.51
6225, 0.45
6226, 0.62
6227, 0.61
6228, 0.63
6229, 0.72
6230, 0.74
6231, 0.63
6232, 0.46
6233, 0.59
6234, 0.72
6235, 0.58
6236, 0.60
6237, 0.53
6238, 0.56
6239, 0.62
6240, 0.32
6241, 0.60
6242, 0.62
6243, 0.40
6244, 0.58
6245, 0.51
6246, 0.40
6247, 0.59
6248, 0.65
6249, 0.59
6250, 0.75
6251, 0.53
6252, 0.52
6253, 0.57
6254, 0.31
6255, 0.57
6256, 0.64
6257, 0.56
6258, 0.66
6259, 0.62
6260, 0.66
6261, 0.56
6262, 0.70
6263, 0.45
6264, 0.45
6265, 0.50
6266, 0.73
6267, 0.67
6268, 0.73
6269, 0.57
6270, 0.56
6271, 0.46
6272, 0.51
6273, 0.50
6274, 0.59
6275, 0.43
6276, 0.69
6277, 0.72
6278, 0.57
6279, 0.55
6280, 0.77
6281, 0.47
6282, 0.57
6283, 0.49
6284, 0.65
6285, 0.65
6286, 0.62
6287, 0.62
6288, 0.58
6289, 0.52
6290, 0.71
6291, 0.49
6292, 0.50
6293, 0.43
6294, 0.55
6295, 0.67
6296, 0.71
6297, 0.54
6298, 0.57
6299, 0.70
6300, 0.57
6301, 0.44
6302, 0.50
6303, 0.56
6304, 0.76
6305, 0.62
6306, 0.66
6307, 0.69
6308, 0.55
6309, 0.50
6310, 0.59
6311, 0.55
6312, 0.24
6313, 0.60
6314, 0.49
6315, 0.58
6316, 0.69
6317, 0.60
6318, 0.52
6319, 0.49
6320, 0.42
6321, 0.69
6322, 0.70
6323, 0.55
6324, 0.76
6325, 0.56
6326, 0.49
6327, 0.58
6328, 0.47
6329, 0.54
6330, 0.71
6331, 0.56
6332, 0.55
6333, 0.58
6334, 0.68
6335, 0.64
6336, 0.65
6337, 0.58
6338, 0.54
6339, 0.59
6340, 0.46
6341, 0.64
6342, 0.48
6343, 0.49
6344, 0.73
6345, 0.55
6346, 0.75
6347, 0.60
6348, 0.69
6349, 0.41
6350, 0.53
6351, 0.45
6352, 0.73
6353, 0.61
6354, 0.61
6355, 0.67
6356, 0.28
6357, 0.71
6358, 0.50
6359, 0.61
6360, 0.74
6361, 0.50
6362, 0.70
6363, 0.70
6364, 0.65
6365, 0.55
6366, 0.46
6367, 0.57
6368, 0.49
6369, 0.74
6370, 0.55
6371, 0.66
6372, 0.48
6373, 0.68
6374, 0.45
6375, 0.55
6376, 0.71
6377, 0.62
6378, 0.75
6379, 0.64
6380, 0.48
6381, 0.40
6382, 0.58
6383, 0.65
6384, 0.56
6385, 0.39
6386, 0.52
6387, 0.53
6388, 0.59
6389, 0.69
6390, 0.69
6391, 0.64
6392, 0.49
6393, 0.60
6394, 0.55
6395, 0.35
6396, 0.71
6397, 0.46
6398, 0.34
6399, 0.48
6400, 0.50
6401, 0.48
6402, 0.47
6403, 0.57
6404, 0.65
6405, 0.59
6406, 0.59
6407, 0.58
6408, 0.54
6409, 0.57
6410, 0.60
6411, 0.54
6412, 0.43
6413, 0.49
6414, 0.64
6415, 0.68
6416, 0.62
6417, 0.47
6418, 0.47
6419, 0.67
6420, 0.64
6421, 0.73
6422, 0.45
6423, 0.53
6424, 0.55
6425, 0.61
6426, 0.69
6427, 0.60
6428, 0.57
6429, 0.56
6430, 0.77
6431, 0.35
6432, 0.43
6433, 0.51
6434, 0.53
6435, 0.47
6436, 0.48
6437, 0.59
6438, 0.62
6439, 0.49
6440, 0.53
6441, 0.59
6442, 0.58
6443, 0.36
6444, 0.46
6445, 0.48
6446, 0.36
6447, 0.63
6448, 0.68
6449, 0.40
6450, 0.47
6451, 0.58
6452, 0.61
6453, 0.67
6454, 0.45
6455, 0.52
6456, 0.69
6457, 0.53
6458, 0.58
6459, 0.63
6460, 0.50
6461, 0.64
6462, 0.53
6463, 0.57
6464, 0.54
6465, 0.50
6466, 0.53
6467, 0.54
6468, 0.51
6469, 0.48
6470, 0.55
6471, 0.66
6472, 0.52
6473, 0.54
6474, 0.56
6475, 0.62
6476, 0.55
6477, 0.53
6478, 0.48
6479, 0.50
6480, 0.57
6481, 0.65
6482, 0.49
6483, 0.59
6484, 0.64
6485, 0.57
6486, 0.48
6487, 0.66
6488, 0.74
6489, 0.49
6490, 0.62
6491, 0.52
6492, 0.50
6493, 0.69
6494, 0.56
6495, 0.56
6496, 0.45
6497, 0.60
6498, 0.51
6499, 0.62
6500, 0.60
6501, 0.55
6502, 0.57
6503, 0.53
6504, 0.50
6505, 0.41
6506, 0.57
6507, 0.64
6508, 0.65
6509, 0.72
6510, 0.66
6511, 0.51
6512, 0.75
6513, 0.61
6514, 0.67
6515, 0.61
6516, 0.58
6517, 0.65
6518, 0.54
6519, 0.57
6520, 0.29
6521, 0.65
6522, 0.67
6523, 0.54
6524, 0.57
6525, 0.58
6526, 0.61
6527, 0.69
6528, 0.74
6529, 0.42
6530, 0.76
6531, 0.41
6532, 0.32
6533, 0.50
6534, 0.69
6535, 0.44
6536, 0.75
6537, 0.61
6538, 0.61
6539, 0.65
6540, 0.65
6541, 0.60
6542, 0.48
6543, 0.75
6544, 0.61
6545, 0.70
6546, 0.51
6547, 0.56
6548, 0.64
6549, 0.69
6550, 0.56
6551, 0.55
6552, 0.46
6553, 0.67
6554, 0.51
6555, 0.67
6556, 0.58
6557, 0.59
6558, 0.66
6559, 0.57
6560, 0.54
6561, 0.55
6562, 0.61
6563, 0.65
6564, 0.49
6565, 0.35
6566, 0.49
6567, 0.70
6568, 0.67
6569, 0.46
6570, 0.64
6571, 0.62
6572, 0.53
6573, 0.55
6574, 0.75
6575, 0.57
6576, 0.50
6577, 0.57
6578, 0.65
6579, 0.47
6580, 0.63
6581, 0.57
6582, 0.64
6583, 0.72
6584, 0.66
6585, 0.63
6586, 0.64
6587, 0.44
6588, 0.56
6589, 0.48
6590, 0.54
6591, 0.67
6592, 0.76
6593, 0.49
6594, 0.52
6595, 0.70
6596, 0.65
6597, 0.61
6598, 0.63
6599, 0.52
6600, 0.62
6601, 0.64
6602, 0.69
6603, 0.53
6604, 0.57
6605, 0.48
6606, 0.47
6607, 0.37
6608, 0.62
6609, 0.61
6610, 0.45
6611, 0.45
6612, 0.53
6613, 0.66
6614, 0.58
6615, 0.64
6616, 0.49
6617, 0.73
6618, 0.47
6619, 0.53
6620, 0.57
6621, 0.48
6622, 0.59
6623, 0.48
6624, 0.60
6625, 0.61
6626, 0.40
6627, 0.39
6628, 0.71
6629, 0.62
6630, 0.72
6631, 0.53
6632, 0.63
6633, 0.57
6634, 0.51
6635, 0.72
6636, 0.51
6637, 0.73
6638, 0.52
6639, 0.74
6640, 0.64
6641, 0.73
6642, 0.48
6643, 0.47
6644, 0.54
6645, 0.61
6646, 0.48
6647, 0.54
6648, 0.50
6649, 0.49
6650, 0.51
6651, 0.70
6652, 0.46
6653, 0.56
6654, 0.43
6655, 0.37
6656, 0.33
6657, 0.69
6658, 0.66
6659, 0.58
6660, 0.71
6661, 0.62
6662, 0.60
6663, 0.65
6664, 0.63
6665, 0.72
6666, 0.60
6667, 0.64
6668, 0.65
6669, 0.69
6670, 0.71
6671, 0.69
6672, 0.63
6673, 0.48
6674, 0.63
6675, 0.29
6676, 0.70
6677, 0.50
6678, 0.72
6679, 0.66
6680, 0.51
6681, 0.57
6682, 0.71
6683, 0.50
6684, 0.68
6685, 0.63
6686, 0.56
6687, 0.58
6688, 0.61
6689, 0.76
6690, 0.57
6691, 0.59
6692, 0.75
6693, 0.63
6694, 0.53
6695, 0.54
6696, 0.76
6697, 0.51
6698, 0.39
6699, 0.57
6700, 0.58
6701, 0.58
6702, 0.51
6703, 0.55
6704, 0.65
6705, 0.56
6706, 0.54
6707, 0.56
6708, 0.55
6709, 0.65
6710, 0.46
6711, 0.67
6712, 0.53
6713, 0.63
6714, 0.49
6715, 0.61
6716, 0.67
6717, 0.45
6718, 0.56
6719, 0.48
6720, 0.42
6721, 0.68
6722, 0.58
6723, 0.74
6724, 0.62
6725, 0.53
6726, 0.50
6727, 0.57
6728, 0.53
6729, 0.75
6730, 0.68
6731, 0.56
6732, 0.75
6733, 0.62
6734, 0.65
6735, 0.68
6736, 0.63
6737, 0.57
6738, 0.63
6739, 0.65
6740, 0.60
6741, 0.59
6742, 0.56
6743, 0.48
6744, 0.73
6745, 0.72
6746, 0.51
6747, 0.55
6748, 0.66
6749, 0.68
6750, 0.37
6751, 0.45
6752, 0.58
6753, 0.56
6754, 0.49
6755, 0.50
6756, 0.61
6757, 0.59
6758, 0.60
6759, 0.48
6760, 0.54
6761, 0.47
6762, 0.45
6763, 0.62
6764, 0.52
6765, 0.53
6766, 0.60
6767, 0.60
6768, 0.67
6769, 0.57
6770, 0.72
6771, 0.36
6772, 0.69
6773, 0.47
6774, 0.62
6775, 0.63
6776, 0.61
6777, 0.60
6778, 0.36
6779, 0.49
6780, 0.65
6781, 0.76
6782, 0.54
6783, 0.53
6784, 0.73
6785, 0.58
6786, 0.57
6787, 0.64
6788, 0.44
6789, 0.77
6790, 0.52
6791, 0.38
6792, 0.76
6793, 0.48
6794, 0.52
6795, 0.75
6796, 0.75
6797, 0.63
6798, 0.74
6799, 0.47
6800, 0.71
6801, 0.70
6802, 0.67
6803, 0.60
6804, 0.45
6805, 0.73
6806, 0.65
6807, 0.55
6808, 0.46
6809, 0.49
6810, 0.47
6811, 0.69
6812, 0.62
6813, 0.57
6814, 0.59
6815, 0.37
6816, 0.68
6817, 0.64
6818, 0.57
6819, 0.67
6820, 0.53
6821, 0.74
6822, 0.54
6823, 0.65
6824, 0.48
6825, 0.67
6826, 0.70
6827, 0.44
6828, 0.51
6829, 0.59
6830, 0.55
6831, 0.76
6832, 0.50
6833, 0.75
6834, 0.63
6835, 0.57
6836, 0.58
6837, 0.46
6838, 0.62
6839, 0.58
6840, 0.32
6841, 0.57
6842, 0.66
6843, 0.42
6844, 0.38
6845, 0.61
6846, 0.56
6847, 0.76
6848, 0.53
6849, 0.59
6850, 0.56
6851, 0.54
6852, 0.54
6853, 0.57
6854, 0.70
6855, 0.37
6856, 0.58
6857, 0.50
6858, 0.59
6859, 0.51
6860, 0.63
6861, 0.66
6862, 0.75
6863, 0.59
6864, 0.47
6865, 0.48
6866, 0.55
6867, 0.59
6868, 0.65
6869, 0.67
6870, 0.63
6871, 0.36
6872, 0.59
6873, 0.70
6874, 0.58
6875, 0.58
6876, 0.56
6877, 0.49
6878, 0.52
6879, 0.50
6880, 0.41
6881, 0.57
6882, 0.59
6883, 0.68
6884, 0.66
6885, 0.60
6886, 0.51
6887, 0.56
6888, 0.64
6889, 0.46
6890, 0.69
6891, 0.56
6892, 0.75
6893, 0.49
6894, 0.55
6895, 0.55
6896, 0.47
6897, 0.71
6898, 0.64
6899, 0.59
6900, 0.75
6901, 0.55
6902, 0.57
6903, 0.51
6904, 0.58
6905, 0.58
6906, 0.32
6907, 0.47
6908, 0.58
6909, 0.29
6910, 0.46
6911, 0.70
6912, 0.59
6913, 0.60
6914, 0.65
6915, 0.30
6916, 0.54
6917, 0.64
6918, 0.56
6919, 0.60
6920, 0.61
6921, 0.66
6922, 0.66
6923, 0.25
6924, 0.65
6925, 0.56
6926, 0.64
6927, 0.32
6928, 0.65
6929, 0.62
6930, 0.52
6931, 0.64
6932, 0.72
6933, 0.72
6934, 0.58
6935, 0.68
6936, 0.55
6937, 0.70
6938, 0.60
6939, 0.46
6940, 0.77
6941, 0.67
6942, 0.56
6943, 0.53
6944, 0.60
6945, 0.55
6946, 0.49
6947, 0.50
6948, 0.27
6949, 0.76
6950, 0.67
6951, 0.66
6952, 0.69
6953, 0.52
6954, 0.57
6955, 0.65
6956, 0.48
6957, 0.52
6958, 0.46
6959, 0.63
6960, 0.51
6961, 0.76
6962, 0.48
6963, 0.64
6964, 0.68
6965, 0.77
6966, 0.50
6967, 0.58
6968, 0.59
6969, 0.56
6970, 0.51
6971, 0.49
6972, 0.55
6973, 0.53
6974, 0.68
6975, 0.52
6976, 0.63
6977, 0.29
6978, 0.62
6979, 0.54
6980, 0.69
6981, 0.43
6982, 0.55
6983, 0.57
6984, 0.65
6985, 0.44
6986, 0.61
6987, 0.66
6988, 0.69
6989, 0.69
6990, 0.58
6991, 0.54
6992, 0.48
6993, 0.64
6994, 0.68
6995, 0.73
6996, 0.66
6997, 0.75
6998, 0.66
6999, 0.56
7000, 0.68
7001, 0.70
7002, 0.64
7003, 0.60
7004, 0.75
7005, 0.69
7006, 0.57
7007, 0.60
7008, 0.63
7009, 0.58
7010, 0.63
7011, 0.51
7012, 0.53
7013, 0.51
7014, 0.59
7015, 0.66
7016, 0.50
7017, 0.63
7018, 0.49
7019, 0.62
7020, 0.57
7021, 0.58
7022, 0.47
7023, 0.70
7024, 0.67
7025, 0.62
7026, 0.62
7027, 0.46
7028, 0.38
7029, 0.62
7030, 0.67
7031, 0.67
7032, 0.62
7033, 0.28
7034, 0.73
7035, 0.71
7036, 0.70
7037, 0.26
7038, 0.57
7039, 0.56
7040, 0.58
7041, 0.58
7042, 0.58
7043, 0.33
7044, 0.56
7045, 0.59
7046, 0.36
7047, 0.57
7048, 0.67
7049, 0.58
7050, 0.60
7051, 0.55
7052, 0.57
7053, 0.60
7054, 0.62
7055, 0.65
7056, 0.57
7057, 0.57
7058, 0.63
7059, 0.50
7060, 0.64
7061, 0.48
7062, 0.65
7063, 0.54
7064, 0.51
7065, 0.74
7066, 0.64
7067, 0.62
7068, 0.52
7069, 0.57
7070, 0.68
7071, 0.67
7072, 0.75
7073, 0.49
7074, 0.57
7075, 0.46
7076, 0.60
7077, 0.45
7078, 0.51
7079, 0.76
7080, 0.75
7081, 0.54
7082, 0.50
7083, 0.49
7084, 0.62
7085, 0.57
7086, 0.61
7087, 0.75
7088, 0.66
7089, 0.62
7090, 0.57
7091, 0.60
7092, 0.59
7093, 0.56
7094, 0.45
7095, 0.58
7096, 0.67
7097, 0.38
7098, 0.62
7099, 0.60
7100, 0.63
7101, 0.44
7102, 0.65
7103, 0.54
7104, 0.57
7105, 0.68
7106, 0.73
7107, 0.50
7108, 0.63
7109, 0.61
7110, 0.46
7111, 0.61
7112, 0.51
7113, 0.63
7114, 0.71
7115, 0.53
7116, 0.71
7117, 0.54
7118, 0.61
7119, 0.70
7120, 0.50
7121, 0.51
7122, 0.57
7123, 0.70
7124, 0.57
7125, 0.56
7126, 0.49
7127, 0.58
7128, 0.69
7129, 0.49
7130, 0.69
7131, 0.69
7132, 0.30
7133, 0.49
7134, 0.48
7135, 0.58
7136, 0.52
7137, 0.44
7138, 0.68
7139, 0.65
7140, 0.48
7141, 0.38
7142, 0.54
7143, 0.53
7144, 0.55
7145, 0.68
7146, 0.53
7147, 0.49
7148, 0.60
7149, 0.69
7150, 0.63
7151, 0.42
7152, 0.31
7153, 0.52
7154, 0.62
7155, 0.71
7156, 0.57
7157, 0.52
7158, 0.58
7159, 0.48
7160, 0.52
7161, 0.46
7162, 0.27
7163, 0.57
7164, 0.66
7165, 0.67
7166, 0.75
7167, 0.55
7168, 0.51
7169, 0.38
7170, 0.70
7171, 0.48
7172, 0.61
7173, 0.53
7174, 0.57
7175, 0.65
7176, 0.68
7177, 0.63
7178, 0.57
7179, 0.75
7180, 0.70
7181, 0.75
7182, 0.46
7183, 0.75
7184, 0.53
7185, 0.70
7186, 0.48
7187, 0.39
7188, 0.39
7189, 0.30
7190, 0.66
7191, 0.62
7192, 0.72
7193, 0.57
7194, 0.60
7195, 0.65
7196, 0.34
7197, 0.50
7198, 0.59
7199, 0.49
7200, 0.70
7201, 0.55
7202, 0.54
7203, 0.52
7204, 0.47
7205, 0.66
7206, 0.48
7207, 0.56
7208, 0.70
7209, 0.57
7210, 0.59
7211, 0.56
7212, 0.48
7213, 0.56
7214, 0.60
7215, 0.49
7216, 0.74
7217, 0.74
7218, 0.54
7219, 0.66
7220, 0.54
7221, 0.62
7222, 0.75
7223, 0.58
7224, 0.61
7225, 0.75
7226, 0.58
7227, 0.53
7228, 0.48
7229, 0.55
7230, 0.51
7231, 0.56
7232, 0.61
7233, 0.62
7234, 0.55
7235, 0.48
7236, 0.62
7237, 0.58
7238, 0.52
7239, 0.51
7240, 0.52
7241, 0.67
7242, 0.63
7243, 0.62
7244, 0.43
7245, 0.51
7246, 0.49
7247, 0.50
7248, 0.50
7249, 0.64
7250, 0.65
7251, 0.67
7252, 0.68
7253, 0.64
7254, 0.42
7255, 0.75
7256, 0.43
7257, 0.57
7258, 0.72
7259, 0.57
7260, 0.30
7261, 0.48
7262, 0.68
7263, 0.69
7264, 0.61
7265, 0.49
7266, 0.53
7267, 0.77
7268, 0.58
7269, 0.71
7270, 0.57
7271, 0.62
7272, 0.56
7273, 0.53
7274, 0.72
7275, 0.47
7276, 0.52
7277, 0.57
7278, 0.63
7279, 0.35
7280, 0.66
7281, 0.49
7282, 0.54
7283, 0.64
7284, 0.67
7285, 0.61
7286, 0.63
7287, 0.59
7288, 0.64
7289, 0.61
7290, 0.55
7291, 0.47
7292, 0.56
7293, 0.63
7294, 0.50
7295, 0.46
7296, 0.68
7297, 0.60
7298, 0.78
7299, 0.68
7300, 0.68
7301, 0.55
7302, 0.61
7303, 0.49
7304, 0.43
7305, 0.61
7306, 0.66
7307, 0.61
7308, 0.51
7309, 0.62
7310, 0.63
7311, 0.49
7312, 0.60
7313, 0.59
7314, 0.52
7315, 0.59
7316, 0.55
7317, 0.55
7318, 0.57
7319, 0.68
7320, 0.57
7321, 0.45
7322, 0.68
7323, 0.45
7324, 0.74
7325, 0.70
7326, 0.59
7327, 0.70
7328, 0.40
7329, 0.68
7330, 0.65
7331, 0.63
7332, 0.56
7333, 0.63
7334, 0.61
7335, 0.61
7336, 0.64
7337, 0.43
7338, 0.58
7339, 0.57
7340, 0.57
7341, 0.52
7342, 0.74
7343, 0.48
7344, 0.58
7345, 0.47
7346, 0.52
7347, 0.67
7348, 0.48
7349, 0.76
7350, 0.55
7351, 0.70
7352, 0.70
7353, 0.51
7354, 0.73
7355, 0.75
7356, 0.61
7357, 0.65
7358, 0.69
7359, 0.44
7360, 0.58
7361, 0.65
7362, 0.76
7363, 0.57
7364, 0.48
7365, 0.64
7366, 0.66
7367, 0.49
7368, 0.58
7369, 0.51
7370, 0.52
7371, 0.54
7372, 0.54
7373, 0.76
7374, 0.54
7375, 0.60
7376, 0.77
7377, 0.50
7378, 0.64
7379, 0.36
7380, 0.69
7381, 0.57
7382, 0.50
7383, 0.70
7384, 0.55
7385, 0.29
7386, 0.57
7387, 0.52
7388, 0.60
7389, 0.75
7390, 0.68
7391, 0.64
7392, 0.58
7393, 0.60
7394, 0.71
7395, 0.49
7396, 0.49
7397, 0.59
7398, 0.58
7399, 0.48
7400, 0.69
7401, 0.74
7402, 0.71
7403, 0.62
7404, 0.66
7405, 0.61
7406, 0.51
7407, 0.50
7408, 0.59
7409, 0.47
7410, 0.41
7411, 0.50
7412, 0.55
7413, 0.45
7414, 0.68
7415, 0.70
7416, 0.43
7417, 0.75
7418, 0.48
7419, 0.43
7420, 0.73
7421, 0.29
